3.39605e+10 1.21161 780 5.3431e+11 4.61549 498.764 8.04253e+11 4.47161 359.68

1.86914e+29 -2.32215 780 5.75368e+29 0.832206 381.953 8.61297e+29 0.343462 514.649 0 0 780

2.69283e+28 1.15457 780 1.84026e+29 -0.495593 517.211 7.91482e+28 1.39746 252.607 0 0 780

-------------------------------------------------------------------------------

2.79753e+11 2.12064 780 3.1928e+11 -0.83246 441.608 2.83206e+11 1.91038 693.145

5.86769e+11 -0.167985 780.114 5.70563e+12 1.22064 642.493 7.40826e+12 0.926442 447.796

-------------------------------------------------------------------------------

1.33851e+11 -1.9045 780 6.12073e+12 1.81375 642.925 7.53003e+12 -1.49538 337.02 9942.15 # Good finally!

6.43548e+11 -2.34325 780.088 6.85647e+12 1.61263 658.11 7.42981e+12 -1.29125 359.81 9974.39

7.03907e+11 -2.31969 780.261 7.01863e+12 1.68401 676.249 7.8096e+12 -1.24845 369.59     9982.07

1.51827e+11 -2.06279 780.301 7.49287e+12 1.67901 663.25 7.3257e+12 -1.48817 358.999     9984.21

1.53378e+11 -2.38468 780 5.61329e+12 1.66764 646.511 5.68591e+12 -1.53762 344.776       9993.37

1.4195e+11 -2.06472 780.021 6.70944e+12 1.66746 679.326 7.46162e+12 -1.62959 362.611    9996.34

---------------------------------------------------------------------------------

4.63842e+13 -2.31476 780.236 8.09079e+13 1.31189 698.632 6.52944e+13 -1.40986 381.924   9996.99

4.83152e+31 -2.47666 780.062 8.6376e+31 1.37673 654.294 4.40607e+31 -1.28819 355.305 7.26993e+30 0.413014 558.374

6.17807e+31 -2.48 780.043 9.13024e+31 1.57635 732.929 6.35688e+31 -0.83992 377.716 7.16735e+30 1.61991 554.631  9996

4.25174e+31 -2.37255 780.161 9.55252e+31 1.51448 710.174 5.13825e+31 -1.22319 377.281 7.54391e+30 1.4008 685.283        9995.33

----------------------------------------------------------------------------------

3.94609e+31 -2.34424 780.216 9.25373e+31 1.44337 651.564 5.25853e+31 -1.41503 344.89 6.98932e+30 2.06654 598.397        9996.62

3.01159e+31 -2.63161 780.01 7.37442e+31 1.39955 669.172 4.18582e+31 -1.47311 360.818 7.00752e+30 0.540431 815.972	9997.92

4.47679e+31 -2.34558 780.168 8.63102e+31 1.54039 689.385 4.99313e+31 -1.11492 361.961 6.08233e+30 1.63677 513.175       9998.27

3.1452e+31 -2.56079 780.147 7.98005e+31 1.4144 633.352 4.34866e+31 -1.4598 341.484 6.08924e+30 1.05158 774.06   9997.85

-----------------------------------------------------------------------------------

5.22129e+31 -2.51533 780.105 8.55614e+31 1.52397 726.278 5.16403e+31 -1.00897 377.665 6.62108e+30 0.452143 488.011      9996.17

-----------------------------------------------------------------------------------

6.17807e+31 -2.48 780.043 9.13024e+31 1.57635 732.929 6.35688e+31 -0.83992 377.716 7.16735e+30 1.61991 554.631  9996

5.22129e+31 -2.51533 780.105 8.55614e+31 1.52397 726.278 5.16403e+31 -1.00897 377.665 6.62108e+30 1.5 488.011

5.0e+31 -2.51533 780.105 8.55614e+31 1.52397 726.278 5.16403e+31 -1.00897 377.665 6.62108e+30 1.5 488.011

-----------------------------------------------------------------------------------

5e+31 -2.40662 780.431 8.55614e+31 1.53597 727.237 5.16403e+31 -0.986221 377.798 6.62108e+30 1.89757 488.728    9998.44

5e+31 -2.39429 780.524 8.55614e+31 1.53639 727.883 5.16403e+31 -0.984241 378.028 6.62108e+30 1.97665 489.064    9995.9

5e+31 -2.36759 780.59 8.55614e+31 1.53639 727.894 5.16403e+31 -0.983748 378.571 6.62108e+30 2.45769 489.095

5e+31, -2.39394, 780.703, 8.55614e+31, 1.5364, 727.901, 5.16403e+31, -0.984106, 378.111, 6.62108e+30, 2.01659, 490.306  9995.91

====================================================================================================================================

9.50073e+31, 2.12625, 781.896, 4.27359e+31, 1.93951, 43128.6, 1.29338e+31, 1.90162, 27215.3, 4.25811e+30, 1.86717, 57159.6      9952.7

7.79405e+31, 1.90631, 780.886, 2.35543e+31, 1.9646, 58592.5, 9.68129e+30, 2.34288, 25276.7, 3.41754e+30, 2.3987, 51096.6        9948.96

------------------------------------------------------------------------------------------------------------------------------------

6.88376e+31 2.26675 780.571 4.37897e+31 -1.54887 275.832 2.79342e+31 0.838971 583.21 1.82927e+31 0.869913 722.078 1.50644e+31 3.29593 204.698   9966.59

8.85884e+31 1.63462 781.361 4.69117e+31 3.18864 353.282 1.69142e+31 1.06101 401.907 7.84411e+30 0.283399 529.808 4.88984e+30 0.268193 131.302

9.41214e+31 1.41431 780.7 6.14272e+31 4.50601 252.858 3.5982e+31 3.38503 752.09 2.19333e+31 1.39455 551.535 1.67267e+31 0.964441 779.441        9978.4

9.61095e+31 2.23304 780.492 7.02416e+31 0.817292 517.538 5.1457e+31 -1.23784 353.686 2.18584e+31 -0.663641 475.69 1.56216e+31 0.569201 481.732  9971.03

9.61095e+31 2.25282 781.399 7.02416e+31 1.00771 518.124 5.1457e+31 -1.20987 354.325 2.18584e+31 -0.610778 476.196 1.56216e+31 3.24928 482.453   9986.65

9.61095e+31 2.25546 781.463 7.02416e+31 1.3927 518.231 5.1457e+31 -1.04393 354.339 2.18584e+31 -0.572233 476.253 1.56216e+31 3.36112 482.506    9995.52

9.61095e+31 2.25546 781.722 7.02416e+31 1.55823 518.734 5.1457e+31 -0.976983 354.668 2.18584e+31 -0.492034 476.93 1.56216e+31 4.82788 483.036 

------------------------------------------------------------------------------------------------------------------------------------

7.73724e+31 2.61533 781.086 5.58764e+31 -0.835854 386.58 3.54586e+31 0.699819 560.993 1.93455e+31 1.54712 691.649 1.51845e+31 3.59935 317.561   9986.86

7.73724e+31 2.73359 781.709 5.58764e+31 -0.815579 386.815 3.54586e+31 0.713289 563.203 1.93455e+31 1.57373 692.627 1.51845e+31 4.47468 318.874

7.71583e+31 2.71755 781.825 5.99141e+31 -0.798456 388.775 3.56403e+31 0.814495 574.79 1.93874e+31 1.59129 775.478 1.51918e+31 4.27805 324.655   9994.26

7.58709e+31 2.72576 781.88 5.8886e+31 -0.821802 385.189 3.57265e+31 0.81951 575.361 1.92792e+31 1.47756 719.758 1.51981e+31 3.93294 317.66      9996.54

7.58709e+31 2.731 782.498 5.8886e+31 -0.817478 385.291 3.57265e+31 0.827066 579.379 1.92792e+31 1.56087 720.555 1.51981e+31 4.15995 318.053     9998.42

7.58709e+31 2.77115 782.824 5.8886e+31 -0.815661 385.545 3.57265e+31 0.829629 580.275 1.92792e+31 1.56516 720.72 1.51981e+31 4.42556 319.37     9989.2

--------------------------------------------------------------------------------------------------------------------------------------------------------

7.54676e+31 2.48611 781.568 5.63374e+31 -1.03729 382.941 3.22798e+31 1.23508 591.351 1.92829e+31 1.0377 728.133 1.53318e+31 4.67391 353.045

7.54349e+31 2.50419 781.469 5.79813e+31 -1.11928 384.841 3.22073e+31 1.07533 592.132 1.94592e+31 1.12152 734.506 1.5295e+31 4.70733 344.521     9996.16

========================================================================================================================================================

7.54676e+31 2.48655 781.784 5.63374e+31 -1.03508 382.95 3.22798e+31 1.23535 591.759 1.92829e+31 1.04258 728.99 1.53318e+31 4.7036 353.102 0.282339 5.19637 353.124      9994.16

7.54676e+31 2.48746 781.644 5.63374e+31 -1.03533 383.041 3.22798e+31 1.23646 591.542 1.92829e+31 1.03849 729.451 1.53318e+31 4.69646 353.241 0.133682 5.15056 353.217   9994.17

7.54676e+31 2.48755 782.092 5.63374e+31 -1.03515 383.057 3.22798e+31 1.23821 592.27 1.92829e+31 1.03946 731.382 1.53318e+31 4.70542 353.295 0.350538 5.82472 353.52     9998.03

7.54676e+31 2.48755 781.866 5.63374e+31 -1.0353 383.056 3.22798e+31 1.23755 591.595 1.92829e+31 1.0388 731.592 1.53318e+31 4.69978 353.291 0.538649 5.33774 353.462     9986.33

7.54676e+31 2.51256 782.076 5.63374e+31 -0.895332 383.149 3.22798e+31 1.41014 591.734 1.92829e+31 1.0985 731.772 1.53318e+31 4.77984 353.361 0.670642 5.73919 354.142   9999.95

7.54676e+31 2.48755 781.866 5.63374e+31 -1.0353 383.056 3.22798e+31 1.23755 591.595 1.92829e+31 1.0388 731.592 1.53318e+31 4.69978 353.291 0.538649 5.47789 353.462     9994.14

7.54676e+31 2.48755 781.866 5.63374e+31 -1.0353 383.056 3.22798e+31 1.23755 591.595 1.92829e+31 1.0388 731.865 1.53318e+31 4.69978 353.291 0.538649 5.33774 353.462     9986.34

------------------------------

7.54676e+31 2.48755 781.866 5.63374e+31 -1.0353 383.056 3.22798e+31 1.23755 591.595 1.92829e+31 1.0388 731.592 1.53318e+31 4.69978 353.291 0.538649 5.53363 353.462     9994.22

7.54676e+31 2.48755 781.866 5.63374e+31 -1.0353 383.056 3.22798e+31 1.23755 591.796 1.92829e+31 1.0388 731.592 1.53318e+31 4.69978 353.291 0.538649 5.33774 353.462     9997.98

7.54676e+31 2.53302 782.011 5.63374e+31 -0.927265 383.104 3.22798e+31 1.31133 591.673 1.92829e+31 1.05708 731.775 1.53318e+31 4.75781 353.442 0.896857 5.57494 354.154  9994.03

7.54676e+31 2.48755 781.866 5.63374e+31 -1.0353 383.056 3.22798e+31 1.23755 591.595 1.92829e+31 1.0388 731.649 1.53318e+31 4.69978 353.291 [ 0.538649 5.33774 353.462 ]    9994.22

--------------------------------------------------------------------------

7.54676e+31 2.48755 781.866 5.63374e+31 -1.0353 383.056 3.22798e+31 1.23755 591.595 1.92829e+31 1.0388 731.855 1.53318e+31 4.69978 353.291      9997.98

7.54676e+31 2.54952 782.452 5.63374e+31 -0.829045 383.284 3.22798e+31 1.49158 592.335 1.92829e+31 1.25899 732.054 1.53318e+31 4.96387 353.535   9999.85

7.54676e+31 2.52418 782.492 5.63374e+31 -0.876711 383.213 3.22798e+31 1.49114 592.105 1.92829e+31 1.20668 732.559 1.53318e+31 4.99173 353.457   9999.86

7.54676e+31 2.52312 782.412 5.63374e+31 -0.862658 383.242 3.22798e+31 1.53062 592.372 1.92829e+31 1.24618 732.222 1.53318e+31 5.01875 353.483   9999.81

7.54676e+31 2.48755 781.893 5.63374e+31 -1.0353 383.056 3.22798e+31 1.23755 591.595 1.92829e+31 1.19774 731.855 1.53318e+31 4.87289 353.297     9999.81

7.54676e+31 2.48755 781.866 5.63374e+31 -1.0353 383.056 3.22798e+31 1.23755 591.595 1.92829e+31 1.0388 731.86 1.53318e+31 4.69978 353.291       9994.23

---------------------------------------------------

7.54676e+31 2.55407 780.642 1.5471e+29 1.65977 727.013 7.24814e+31 0.443301 434.46 2.82461e+31 1.05693 727.63 6.49581e+30 1.54041 536.232       9964.93

7.54676e+31 2.48866 780.088 -1.79648e+31 1.53786 536.45 5.47668e+31 0.123673 414.811 2.2842e+31 -0.114234 451.08 1.74393e+30 1.07986 695.098    9970.11

7.54676e+31 2.53012 780.018 -1.07186e+31 0.457463 613.91 7.47217e+31 -0.0593809 407.381 5.0951e+31 0.886325 621.497 1.07076e+31 2.42004 533.917 9981.19

7.54676e+31 2.48755 780 2.37701e+31 0.619392 412.329 -5.44051e+31 1.0766 336.623 5.35484e+31 0.253141 503.589 1.5677e+31 0.314519 581.447 9.6357e+29 0.72523 538.678    9990.5

7.54676e+31 2.63959 780.167 3.20687e+31 0.656746 613 -7.75197e+31 1.27387 334.781 6.2737e+31 0.835693 555.113 2.97864e+31 1.52401 531.63 -1.74681e+29 0.785697 549.665  9990.21

7.54676e+31 3.03531 781.64 3.1646e+31 1.99268 665.073 2.87667e+31 1.41922 600.016 -7.44131e+30 4.19969 446.019 -3.70373e+30 5.10168 548.734 -1.99645e+30 3.66917 406.281        9939.05

7.54676e+31 2.52232 780 -4.54508e+30 1.15064 580.213 8.59238e+31 0.97147 449.212 -3.77564e+31 1.90877 502.735 1.56323e+31 0.941957 552.239 5.09859e+30 1.79664 468.764  9987.83

7.54676e+31, 2.48755, 780.142, 6.15476e+30, 0.429528, 547.702, 1.76563e+30, -0.319618, 579.475, 1.23536e+31, 1.54285, 496.154, 7.58833e+30, 0.460073, 423.806, 4.13868e+31, -0.0599893, 404.506 9967.88

7.54676e+31 2.48755 780.142 6.15476e+30 0.429528 547.702 1.76563e+30 -0.319618 579.475 1.23536e+31 1.54285 496.154 7.58833e+30 0.460073 424.306 4.13868e+31 -0.0599893 404.506 9981.25

---------------------------------------------------------------

7.54676e+31 2.48755 780.252 9.7541e+30 4.82437 499.457 2.3265e+30 0.242366 635.586 5.00814e+31 -0.304772 400.737 2.05049e+31 0.896804 462.899 3.50951e+30 0.506091 585.504      9974.5

----------------------------------------------------------------

7.54676e+31 2.54073 780.095 1.37519e+31 0.331906 632.003 8.6978e+29 0.437477 501.694 5.90001e+31 -0.389253 391.218 1.76401e+31 0.956097 522.235 1.76548e+30 2.05492 600.854     9962.75

7.54676e+31 2.48755 780 5.8611e+30 0.416742 359.259 -1.69805e+29 1.5533 287.106 5.27525e+31 -0.927894 406.438 3.07124e+31 0.569393 402.18 -5.99803e+30 0.634467 482.962 9959.25

7.54676e+31 2.48755 780 5.8611e+30 0.424205 359.259 -1.69805e+29 1.5533 287.106 5.27525e+31 -0.927894 406.438 3.07124e+31 0.569393 402.18 -5.99803e+30 0.634467 482.962 9981.34

---------------------------------------------------------------------

7.54676e+31 2.55349 780.468 2.90785e+31 -0.723084 438.598 1.7762e+31 -0.795352 348.228 7.23397e+30 0.50347 915.549 9.88454e+30 1.21482 1580.15 1.14524e+31 0.0786641 698.85     9996.07

7.54676e+31 2.57677 780.658 2.51435e+31 -0.185071 488.286 1.87748e+31 -0.644325 385.317 1.27307e+31 0.602356 1636.44 9.36923e+30 1.04363 1772.13 9.36619e+30 0.812768 707.792   9982.28

7.54676e+31 2.61775 780.165 2.29082e+31 2.79224 324.48 2.30355e+31 -0.235944 373.562 5.66748e+30 1.78513 540.169 9.31464e+30 2.1199 439.539 1.24449e+31 2.33712 597.249 9999.34

7.54676e+31 2.65808 780.987 2.90773e+31 0.316677 439.09 1.7791e+31 -0.725962 361.449 7.23433e+30 0.582317 915.979 9.88524e+30 1.26495 1583.45 1.14602e+31 0.17836 699.162       9994.01

7.54676e+31 2.55349 780.468 2.90785e+31 -0.723084 438.598 1.7762e+31 -0.795352 348.228 7.23397e+30 0.50347 915.549 9.88454e+30 1.21482 1580.15 1.14524e+31 0.0786641 699.205    9995.7

7.54676e+31 2.55349 780.468 2.90785e+31 -0.723084 438.598 1.7762e+31 -0.795352 348.228 7.23397e+30 0.50347 915.593 9.88454e+30 1.21482 1580.15 1.14524e+31 0.0786641 698.85     9999.8

7.54676e+31 2.76179 782.775 2.90825e+31 0.44201 439.498 1.77951e+31 -0.673297 360.21 7.23579e+30 0.873553 920.421 9.88613e+30 1.95668 1603.59 1.14675e+31 0.374067 701.493      9998.02

7.54676e+31 2.6248 783.105 2.90813e+31 -0.281694 439.601 1.77635e+31 -0.725712 364.454 7.27129e+30 0.708223 920.26 9.88967e+30 1.42857 2411.63 1.14617e+31 0.230819 772.685     9984.46

7.54676e+31 2.67352 783.478 2.90817e+31 0.390153 439.589 1.77912e+31 -0.657222 366.243 7.23546e+30 0.79846 920.131 9.88593e+30 1.71526 1607.07 1.14662e+31 0.295516 709.106     9997.99

--------------------------------------------------------------------------

7.54676e+31 2.48755 780 3.1564e+31 -0.957073 364.25 1.79659e+31 0.37896 442.667 1.50859e+31 0.0935969 460.797   9994.69

7.54676e+31 2.48755 780 3.6655e+31 -0.0376807 576.182 1.81978e+31 -1.54204 295.984 2.05388e+31 -0.785045 507.095        9995.45

7.54676e+31 2.62186 780.452 3.48518e+31 0.424077 853.574 1.96427e+31 -0.923266 381.277 2.0973e+31 0.107807 964.479      9995.91

7.54676e+31 2.48755 780 1.15295e+32 1.16418 541.646 7.05488e+31 2.22338 664.537 6.25214e+31 1.14947 639.403 6.30708e+31 -1.07416 180.432 1.99245e+31 -0.550541 341.98

7.54676e+31 2.48755 780 1.73831e+31 -1.71774 334.518 5.78915e+31 -0.231683 491.882

---------------------------------------------------------------------------------

7.54676e+31 2.48755 780 3.1564e+31 -0.957073 364.25 1.79659e+31 0.37896 442.667 1.50859e+31 0.0935969 460.797   9994.69

7.54676e+31 2.48755 780 3.6655e+31 -0.0376807 576.182 1.81978e+31 -1.54204 295.984 2.05388e+31 -0.785045 507.095        9995.45

7.54676e+31 2.48755 780 3.23403e+31 1.1196 457.089 1.66116e+31 -0.317699 433.251 1.90668e+31 1.67438 444.739    9998.54

7.54676e+31 2.48755 780 3.55704e+31 -0.638332 385.977 1.9688e+31 -0.371103 403.946 1.06207e+31 0.624659 547.233 9991.81

----------------------

7.54676e+31 2.48755 780 4.05143e+30 -1.90956 231.084 2.73971e+31 0.076784 560.11 4.39019e+31 -0.913064 425.097  9992.08

7.54676e+31 2.49761 780.239 3.72518e+31 -0.572519 384.064 2.26659e+31 -0.185607 412.679 1.28547e+31 0.612179 550.028

7.54676e+31 2.49376 782.983 4.13985e+30 -1.75735 357.201 2.74019e+31 0.103571 560.501 4.38942e+31 -0.875102 425.933

7.54676e+31 2.49586 780.45 3.88252e+31 -0.57036 386.171 2.23611e+31 -0.224583 410.381 1.34869e+31 0.655412 565.431      9969.46

7.54676e+31 2.49471 780.244 3.91304e+31 -0.618142 385.848 2.27406e+31 -0.277094 411.604 1.35605e+31 0.643303 574.114    9968.5

----------------------------------------------------------

7.54676e+31 1.74355 786.718 5.35e+31 4.95 400.0

7.54676e+31 2.0 710.0 1.0 0.0 710.0

----------------------------------------------------------

7.54676e+31 1.85 710.0 5.35e+31 4.98 371.5

7.54676e+31 1.97023 712.446 5.35e+31 5.15255 371.922 2.5e+30 1.80258 1300.57    9991.51

7.54676e+31 1.99297 712.946 5.35e+31 5.14823 372.072 2.5e+30 0.469511 2210.33   9993.73

7.54676e+31 2.07927 710.223 5.35e+31 5.15374 371.586 1.25e+31 0.0541233 2241.86 9989.16

7.54676e+31 2.01183 710.696 5.35e+31 5.17069 371.838 6.82174e+30 1.69811 5839.11        9994.29

7.54676e+31, 2.12341, 711.127, 5.35e+31, 5.25021, 372.113, 1.6452e+31, 1.23297, 4258.79 9991.15

7.54676e+31 2.12856 711.415 5.35e+31 5.24308 372.579 1.55989e+31 1.19935 4715.62        9993.28

7.54676e+31 2.06133 710.87 5.35e+31 5.21149 372.414 1.26755e+31 1.49123 5357.77 9993.18

7.54676e+31 2.05745 710.561 5.35e+31 5.18254 371.61 9.83639e+30 1.34445 4451.06 9994.24
