0,-32.727657,0.031441,3.666015,19.548471
1,-31.765008,0.032032,3.732407,19.765655
2,-30.801083,0.032010,3.799074,19.977003
3,-29.839652,0.032299,3.865741,20.182519
4,-28.880569,0.033182,3.932408,20.382479
5,-27.920074,0.033363,3.999355,20.576327
6,-26.958035,0.033486,4.066578,20.764620
7,-25.998306,0.033820,4.133801,20.946801
8,-25.036954,0.033953,4.201302,21.123147
9,-24.077838,0.034106,4.268803,21.293105
10,-23.116971,0.034189,4.336582,21.457229
11,-22.158206,0.034369,4.404361,21.614963
12,-21.197600,0.034333,4.472417,21.766588
13,-20.238931,0.034743,4.540472,21.912099
14,-19.282165,0.035055,4.608529,22.050943
15,-18.323347,0.035310,4.676863,22.183677
16,-17.366295,0.035536,4.745198,22.309742
17,-16.407066,0.035550,4.813810,22.429419
18,-15.449458,0.035603,4.882421,22.542429
19,-14.493314,0.035974,4.951033,22.649051
20,-13.534779,0.036004,5.019923,22.749004
21,-12.577606,0.036141,5.088812,22.842292
22,-11.621665,0.036383,5.157702,22.928911
23,-10.663108,0.036157,5.226868,23.008587
24,-9.709422,0.036656,5.295757,23.081874
25,-8.752895,0.036737,5.364925,23.148214
26,-7.797291,0.036717,5.434091,23.207612
27,-6.842478,0.036871,5.503258,23.260342
28,-5.888355,0.036922,5.572426,23.306128
29,-4.931027,0.037007,5.641870,23.345248
30,-3.978057,0.037162,5.711036,23.377422
31,-3.025463,0.037215,5.780204,23.402651
32,-2.069383,0.037111,5.849648,23.420938
33,-1.117336,0.037271,5.918815,23.432556
34,-0.161584,0.037050,5.988259,23.436952
35,0.790329,0.037042,6.057426,23.434683
36,1.746149,0.036985,6.126870,23.425469
37,2.698324,0.037082,6.196037,23.409587
38,3.654612,0.036908,6.265481,23.386483
39,4.607432,0.036836,6.334647,23.356715
40,5.560743,0.036939,6.403814,23.320278
41,6.514622,0.036663,6.472979,23.276618
42,7.465363,0.036350,6.541868,23.226294
43,8.420683,0.036400,6.611035,23.169304
44,9.373010,0.036350,6.679923,23.105645
45,10.326321,0.036142,6.748812,23.035042
46,11.280668,0.036049,6.817701,22.957774
47,12.236125,0.036066,6.886589,22.873839
48,13.188979,0.035815,6.955199,22.783237
49,14.143138,0.035617,7.023809,22.685969
50,15.094857,0.035317,7.092142,22.582314
51,16.051826,0.035736,7.160752,22.472268
52,17.002714,0.035227,7.228807,22.355556
53,17.959035,0.035432,7.297139,22.232456
54,18.909398,0.034812,7.364916,22.102967
55,19.865375,0.034897,7.432972,21.967091
56,20.819292,0.034844,7.500747,21.825103
57,21.771326,0.034301,7.568247,21.676726
58,22.725304,0.034091,7.635746,21.522239
59,23.677475,0.033541,7.702967,21.361642
60,24.631679,0.033524,7.770188,21.195212
61,25.584206,0.033037,7.837132,21.022669
62,26.538942,0.032734,7.904075,20.844018
63,27.492021,0.032380,7.970741,20.659812
64,28.447373,0.032397,8.037406,20.469771
65,29.401233,0.031955,8.103794,20.273897
66,30.357479,0.031801,8.170182,20.072192
67,31.312199,0.031591,8.236291,19.865210
68,32.265539,0.030963,8.302124,19.652672
69,33.221345,0.030728,8.367956,19.434577
70,34.175842,0.029931,8.433511,19.210930
71,35.132765,0.029968,8.499066,18.982283
72,36.088372,0.029554,8.564341,18.748357
73,37.042737,0.028604,8.629340,18.509155
74,37.999650,0.028306,8.694341,18.264954
75,38.959082,0.028605,8.759338,18.015752
76,39.913476,0.027361,8.823782,17.761553
77,40.874158,0.028181,8.888503,17.502909
78,41.829812,0.027232,8.952668,17.239264
79,42.788070,0.026878,9.016834,16.970899
80,43.745029,0.026186,9.080721,16.698089
81,44.704610,0.025948,9.144609,16.420558
82,45.662846,0.025464,9.208220,16.138863
83,46.623549,0.025815,9.271829,15.853000
84,47.579208,0.024250,9.334883,15.562692
85,48.541193,0.024584,9.398216,15.268219
86,49.497959,0.023299,9.460992,14.969858
87,50.461068,0.023793,9.524047,14.667331
88,51.418853,0.022694,9.586545,14.361194
89,52.379113,0.022210,9.649045,14.051167
90,53.341786,0.022258,9.711544,13.737253
91,54.302867,0.021947,9.773764,13.420006
92,55.262573,0.020647,9.835708,13.098870
93,56.224419,0.020391,9.897651,12.774681
94,57.184763,0.019186,9.959317,12.446878
95,58.147346,0.018591,10.020984,12.115745
96,59.112021,0.018769,10.082649,11.781556
97,60.075072,0.017953,10.144037,11.444035
98,61.040111,0.017985,10.205425,11.103738
99,62.003397,0.017057,10.266535,10.760383
100,62.968737,0.016520,10.327646,10.413975
101,63.932088,0.015315,10.388478,10.065067
102,64.897375,0.014561,10.449311,9.713382
103,65.864459,0.014416,10.510145,9.359197
104,66.833401,0.014523,10.570977,9.002235
105,67.800170,0.013778,10.631532,8.643054
106,68.768563,0.013591,10.692086,8.281649
107,69.734730,0.012308,10.752363,7.918023
108,70.702487,0.011370,10.812641,7.552174
109,71.671789,0.010670,10.872919,7.184105
110,72.642379,0.010609,10.933195,6.814370
111,73.610549,0.009251,10.993195,6.442691
112,74.583789,0.009907,11.053473,6.069346
113,75.554404,0.009277,11.113472,5.694334
114,76.526204,0.008848,11.173471,5.317657
115,77.495243,0.007158,11.233193,4.939592
116,78.469115,0.007310,11.293193,4.560138
117,79.440143,0.005958,11.352916,4.179296
118,80.415832,0.006492,11.412916,3.797344
119,81.388479,0.005529,11.472637,3.414280
120,82.361912,0.004599,11.532359,3.030107
121,83.335964,0.003832,11.592081,2.645101
122,84.310600,0.003111,11.651804,2.259262
123,85.285786,0.002318,11.711526,1.872589
124,86.261480,0.001337,11.771248,1.485086
125,87.237449,0.000567,11.830971,1.097304
126,88.217661,0.001017,11.890971,0.708690
127,89.194098,0.000027,11.950692,0.320078
128,90.170715,-0.001106,12.010416,-0.068814
129,91.151367,-0.001115,12.070417,-0.458260
130,92.131956,-0.001273,12.130417,-0.847706
131,93.112574,-0.001948,12.190417,-1.237428
132,94.092958,-0.002750,12.250417,-1.626870
133,95.073089,-0.003797,12.310418,-2.016036
134,96.056846,-0.003823,12.370697,-2.405201
135,97.040128,-0.004097,12.430974,-2.793809
136,98.023026,-0.004988,12.491252,-3.182138
137,99.005300,-0.006098,12.551531,-3.569635
138,99.990937,-0.006435,12.612087,-3.956852
139,100.975727,-0.006998,12.672643,-4.342956
140,101.959786,-0.008148,12.733199,-4.728228
141,102.946877,-0.008395,12.794034,-5.112666
142,103.933014,-0.009235,12.854867,-5.495991
143,104.918090,-0.010513,12.915701,-5.877926
144,105.906006,-0.011009,12.976815,-6.258751
145,106.896557,-0.010628,13.038203,-6.638185
146,107.882020,-0.012377,13.099315,-7.015952
147,108.873913,-0.011913,13.160983,-7.392331
148,109.860628,-0.013812,13.222373,-7.767040
149,110.853501,-0.013260,13.284318,-8.139804
150,111.841029,-0.015036,13.345986,-8.510624
151,112.834675,-0.014629,13.408210,-8.879498
152,113.826599,-0.015010,13.470432,-9.246151
153,114.816936,-0.016515,13.532655,-9.610858
154,115.809273,-0.017242,13.595157,-9.973062
155,116.803549,-0.017346,13.657936,-10.332767
156,117.795959,-0.018414,13.720716,-10.689972
157,118.794083,-0.017660,13.784050,-11.044677
158,119.786448,-0.019560,13.847106,-11.396879
159,120.784230,-0.019120,13.910720,-11.745747
160,121.780014,-0.020128,13.974331,-12.092116
161,122.777358,-0.020485,14.038223,-12.435149
162,123.776303,-0.020606,14.102390,-12.775127
163,124.772934,-0.021714,14.166558,-13.111771
164,125.771080,-0.022546,14.231004,-13.445080
165,126.770619,-0.022980,14.295728,-13.774777
166,127.771547,-0.023146,14.360730,-14.100862
167,128.773748,-0.022921,14.426009,-14.423059
168,129.773501,-0.023963,14.491287,-14.741643
169,130.774467,-0.024561,14.556845,-15.056059
170,131.776714,-0.025112,14.622680,-15.366586
171,132.780077,-0.025212,14.688794,-15.672667
172,133.784627,-0.025261,14.755183,-15.974582
173,134.786480,-0.026283,14.821573,-16.272049
174,135.789407,-0.026919,14.888242,-16.564796
175,136.793480,-0.027559,14.955188,-16.853096
176,137.798562,-0.027791,15.022412,-17.136396
177,138.804725,-0.028007,15.089913,-17.414972
178,139.808056,-0.028846,15.157415,-17.688271
179,140.816353,-0.028808,15.225473,-17.956846
180,141.821756,-0.029320,15.293529,-18.219864
181,142.828234,-0.029689,15.361865,-18.477605
182,143.835773,-0.030035,15.430476,-18.730068
183,144.840558,-0.031142,15.499090,-18.976972
184,145.850185,-0.030927,15.568258,-19.218044
185,146.857119,-0.031649,15.637427,-19.453560
186,147.868987,-0.031311,15.707151,-19.683242
187,148.878169,-0.031806,15.776874,-19.907089
188,149.888496,-0.032060,15.846875,-20.124824
189,150.896218,-0.032977,15.916877,-20.336448
190,151.908963,-0.032756,15.987435,-20.541682
191,152.919184,-0.033359,16.057991,-20.740806
192,153.930748,-0.033797,16.128826,-20.933538
193,154.943653,-0.033903,16.199939,-21.119602
194,155.957953,-0.033777,16.271329,-21.299001
195,156.969918,-0.034160,16.342719,-21.471732
196,157.983466,-0.034444,16.414388,-21.637796
197,158.998591,-0.034456,16.486333,-21.796914
198,160.011577,-0.034853,16.558278,-21.949089
199,161.026329,-0.035108,16.630502,-22.094317
200,162.039073,-0.035549,16.702725,-22.232322
201,163.053748,-0.035701,16.775227,-22.363106
202,164.070409,-0.035661,16.848005,-22.486667
203,165.085351,-0.035942,16.920784,-22.603004
204,166.102466,-0.035877,16.993841,-22.711842
205,167.118040,-0.036204,17.066896,-22.813457
206,168.132165,-0.036372,17.139953,-22.907293
207,169.148798,-0.036627,17.213287,-22.993908
208,170.164179,-0.036788,17.286621,-23.072744
209,171.182267,-0.036879,17.360234,-23.144079
210,172.199296,-0.036665,17.433845,-23.207359
211,173.215448,-0.036975,17.507455,-23.263417
212,174.230811,-0.036979,17.581068,-23.311419
213,175.249332,-0.037096,17.654958,-23.351920
214,176.267267,-0.036968,17.728846,-23.384365
215,177.284767,-0.036875,17.802735,-23.409035
216,178.301950,-0.037093,17.876624,-23.426203
217,179.318948,-0.037065,17.950514,-23.435313
218,-179.660331,-0.036806,18.024681,-23.436370
219,-178.643390,-0.036879,18.098570,-23.429928
220,-177.622460,-0.036776,18.172736,-23.415428
221,-176.605093,-0.036668,18.246624,-23.393152
222,-175.587285,-0.036595,18.320514,-23.363098
223,-174.565156,-0.036711,18.394681,-23.325266
224,-173.546226,-0.036729,18.468569,-23.279655
225,-172.526526,-0.036502,18.542456,-23.225990
226,-171.509771,-0.036340,18.616068,-23.164826
227,-170.488204,-0.036419,18.689957,-23.095883
228,-169.469372,-0.036222,18.763567,-23.019164
229,-168.449341,-0.036266,18.837177,-22.934944
230,-167.431805,-0.035911,18.910509,-22.842946
231,-166.412834,-0.035738,18.983843,-22.743450
232,-165.392361,-0.035735,19.057175,-22.636453
233,-164.374081,-0.035454,19.130230,-22.521957
234,-163.354072,-0.035280,19.203284,-22.399961
235,-162.336088,-0.034979,19.276061,-22.270744
236,-161.316213,-0.034989,19.348838,-22.134306
237,-160.298173,-0.034740,19.421337,-21.990643
238,-159.278011,-0.034456,19.493836,-21.839483
239,-158.259604,-0.034332,19.566056,-21.681657
240,-157.242744,-0.033727,19.638000,-21.516607
241,-156.223589,-0.033490,19.709943,-21.344616
242,-155.205927,-0.033181,19.781609,-21.165958
243,-154.185808,-0.033151,19.853275,-20.980354
244,-153.167049,-0.032908,19.924661,-20.788087
245,-152.149617,-0.032624,19.995770,-20.589431
246,-151.133373,-0.031932,20.066603,-20.384108
247,-150.114502,-0.031825,20.137436,-20.172396
248,-149.096784,-0.031422,20.207989,-19.954298
249,-148.080181,-0.030900,20.278266,-19.730087
250,-147.060794,-0.030774,20.348542,-19.499489
251,-146.046326,-0.029711,20.418262,-19.263060
252,-145.029043,-0.029433,20.487985,-19.020798
253,-144.008981,-0.029885,20.557704,-18.772701
254,-142.993698,-0.029047,20.626869,-18.518773
255,-141.975585,-0.029046,20.696034,-18.259291
256,-140.962327,-0.028017,20.764643,-17.994531
257,-139.946154,-0.027645,20.833253,-17.724215
258,-138.930951,-0.027060,20.901586,-17.448624
259,-137.912965,-0.027512,20.969917,-17.168033
260,-136.899722,-0.026426,21.037693,-16.882165
261,-135.883694,-0.026459,21.105470,-16.591576
262,-134.868648,-0.026102,21.172968,-16.295987
263,-133.854709,-0.025768,21.240188,-15.995956
264,-132.841790,-0.025065,21.307130,-15.691201
265,-131.829944,-0.024140,21.373796,-15.382005
266,-130.815465,-0.024369,21.440461,-15.068642
267,-129.805892,-0.022877,21.506570,-14.750834
268,-128.793646,-0.022333,21.572680,-14.428862
269,-127.782657,-0.021606,21.638513,-14.103001
270,-126.769125,-0.021885,21.704344,-13.773253
271,-125.760774,-0.020668,21.769620,-13.439894
272,-124.749858,-0.020233,21.834897,-13.102645
273,-123.740321,-0.019375,21.899896,-12.761788
274,-122.728441,-0.019612,21.964895,-12.417598
275,-121.718076,-0.019435,22.029615,-12.070075
276,-120.709223,-0.018714,22.094058,-11.719219
277,-119.701979,-0.017576,22.158223,-11.365311
278,-118.692655,-0.017584,22.222389,-11.008624
279,-117.685017,-0.016905,22.286276,-10.648881
280,-116.679147,-0.015676,22.349886,-10.286363
281,-115.671367,-0.015492,22.413496,-9.921344
282,-114.665422,-0.014489,22.476829,-9.553549
283,-113.657716,-0.014558,22.540161,-9.183533
284,-112.652021,-0.013794,22.603215,-8.811017
285,-111.648534,-0.012586,22.665991,-8.436559
286,-110.643357,-0.012078,22.728769,-8.059877
287,-109.636662,-0.012403,22.791546,-7.681253
288,-109.636662,-0.012403,22.791546,-7.681253
289,-108.632305,-0.011877,22.854044,-7.300684
290,-107.630386,-0.010628,22.916265,-6.918452
291,-106.627243,-0.010345,22.978487,-6.534830
292,-105.626630,-0.009058,23.040430,-6.149542
293,-104.624843,-0.008492,23.102375,-5.762865
294,-103.621958,-0.008512,23.164318,-5.374802
295,-102.622028,-0.007901,23.225984,-4.985906
296,-101.621054,-0.007623,23.287649,-4.595620
297,-100.623114,-0.006444,23.349037,-4.204503
298,-99.624424,-0.005852,23.410425,-3.812553
299,-98.628828,-0.004096,23.471536,-3.419770
300,-97.628844,-0.004566,23.532925,-3.026432
301,-96.632066,-0.003598,23.594035,-2.632261
302,-95.634913,-0.003224,23.655145,-2.237815
303,-94.641229,-0.001672,23.715979,-1.843091
304,-93.643426,-0.002104,23.777090,-1.448089
305,-92.649210,-0.001087,23.837922,-1.052810
306,-91.654868,-0.000417,23.898756,-0.657533
307,-90.660460,0.000043,23.959589,-0.262256
308,-89.666156,0.000171,0.020421,0.132742
309,-88.675779,0.001734,0.080977,0.527464
310,-87.681634,0.001810,0.141810,0.922184
311,-86.691627,0.003321,0.202366,1.316347
312,-85.698150,0.003087,0.263199,1.709953
313,-84.708997,0.004280,0.323755,2.102726
314,-83.716451,0.003984,0.384588,2.494943
315,-82.728308,0.005356,0.445144,2.886326
316,-81.736958,0.005234,0.505977,3.276875
317,-80.750198,0.006762,0.566532,3.666311
318,-79.760502,0.006530,0.627367,4.054359
319,-78.771574,0.006830,0.688199,4.441572
320,-77.787540,0.008606,0.748755,4.827117
321,-76.800681,0.008993,0.809589,5.211273
322,-75.815003,0.009494,0.870422,5.593763
323,-74.830389,0.010459,0.931257,5.974862
324,-73.843303,0.009917,0.992368,6.354015
325,-72.861403,0.011163,1.053201,6.731225
326,-71.876970,0.011392,1.114312,7.106767
327,-70.897875,0.013345,1.175147,7.480085
328,-69.912693,0.012452,1.236537,7.851182
329,-68.932837,0.013771,1.297647,8.220333
330,-67.950856,0.013779,1.359038,8.586983
331,-66.970539,0.014410,1.420426,8.951411
332,-65.991974,0.015490,1.481816,9.313337
333,-65.011481,0.015370,1.543484,9.672485
334,-64.032825,0.015937,1.605150,10.029134
335,-63.056090,0.017013,1.666818,10.383003
336,-62.077492,0.017238,1.728764,10.734096
337,-61.100895,0.018199,1.790708,11.082407
338,-60.126475,0.019454,1.852653,11.427385
339,-59.150325,0.019932,1.914878,11.769309
340,-58.172497,0.019772,1.977379,12.108175
341,-57.196924,0.020236,2.039878,12.443708
342,-56.223582,0.021391,2.102379,12.775906
343,-55.248751,0.021698,2.165159,13.104492
344,-54.272474,0.021295,2.228216,13.429467
345,-53.298581,0.021633,2.291271,13.750829
346,-52.327128,0.022512,2.354328,14.068304
347,-51.354229,0.022979,2.417662,14.382165
348,-50.383883,0.023903,2.480996,14.691860
349,-49.412177,0.024358,2.544608,14.997664
350,-48.443106,0.025176,2.608220,15.299024
351,-47.472648,0.025718,2.672111,15.596495
352,-46.501003,0.025584,2.736279,15.889520
353,-45.531984,0.026071,2.800445,16.178100
354,-44.565544,0.027222,2.864613,16.462235
355,-43.597925,0.027684,2.929060,16.741646
356,-42.629146,0.027580,2.993783,17.016337
357,-41.662913,0.028380,3.058506,17.286582
358,-40.695542,0.028515,3.123507,17.551825
359,-39.730829,0.029157,3.188508,17.812069
360,-38.764831,0.029569,3.253788,18.067590
361,-37.797708,0.029332,3.319344,18.317832
362,-36.833156,0.029805,3.384901,18.563074
363,-35.867394,0.029787,3.450735,18.803037
364,-34.904208,0.030326,3.516569,19.037723
365,-33.939739,0.030529,3.582681,19.267130
366,-32.977836,0.031128,3.648793,19.490980
367,-32.014630,0.031275,3.715183,19.709276
368,-31.053842,0.032190,3.781573,19.922293
369,-30.091703,0.032519,3.848242,20.129474
370,-29.128199,0.032372,3.915187,20.330824
371,-28.167023,0.032886,3.982133,20.526617
372,-27.204411,0.032782,4.049356,20.716297
373,-26.244073,0.033160,4.116579,20.900146
374,-25.282127,0.033326,4.184080,21.078160
375,-24.322388,0.033781,4.251581,21.250062
376,-23.360968,0.033884,4.319360,21.415852
377,-22.401667,0.034080,4.387138,21.575252
378,-21.440544,0.034052,4.455195,21.728544
379,-20.481376,0.034467,4.523250,21.875721
380,-19.524133,0.034781,4.591307,22.016232
381,-18.564855,0.035030,4.659641,22.150633
382,-17.607383,0.035252,4.727974,22.278365
383,-16.651561,0.035724,4.796309,22.399709
384,-15.693541,0.035732,4.864921,22.514386
385,-14.737023,0.036056,4.933533,22.622672
386,-13.778182,0.035759,5.002422,22.724015
387,-12.824500,0.036210,5.071033,22.818970
388,-11.868232,0.036370,5.139924,22.907257
389,-10.909368,0.036331,5.209090,22.988876
390,-9.955439,0.036467,5.277979,23.063551
391,-8.998691,0.036461,5.347146,23.131559
392,-8.046674,0.036580,5.416036,23.192623
393,-7.087824,0.036410,5.485482,23.247022
394,-6.133557,0.036648,5.554647,23.294752
395,-5.179886,0.036782,5.623815,23.335537
396,-4.222955,0.036694,5.693259,23.369378
397,-3.270283,0.036656,5.762426,23.396275
398,-2.314123,0.036730,5.831870,23.416506
399,-1.362030,0.036798,5.901037,23.429791
400,-0.406235,0.036755,5.970483,23.436131
401,0.549479,0.036668,6.039926,23.435527
402,1.501451,0.036495,6.109092,23.427980
403,2.457399,0.036572,6.178537,23.413766
404,3.409780,0.036505,6.247704,23.392607
405,4.366342,0.036466,6.317148,23.364504
406,5.319507,0.036504,6.386313,23.329735
407,6.273244,0.036443,6.455480,23.288021
408,7.227619,0.036558,6.524647,23.239640
409,8.182723,0.036569,6.593813,23.184315
410,9.134830,0.036490,6.662700,23.122323
411,10.087897,0.036252,6.731590,23.053387
412,11.041958,0.036130,6.800477,22.977786
413,11.993277,0.036053,6.869087,22.895796
414,12.945831,0.035755,6.937699,22.806859
415,13.899670,0.035512,7.006310,22.711258
416,14.854836,0.035595,7.074920,22.609270
417,15.807584,0.035544,7.143251,22.500891
418,16.758087,0.035008,7.211307,22.385846
419,17.714003,0.035179,7.279641,22.264411
420,18.667767,0.034793,7.347694,22.136311
421,19.619441,0.034323,7.415471,22.002103
422,20.572894,0.034257,7.483247,21.861781
423,21.524442,0.033709,7.550748,21.715070
424,22.481769,0.033855,7.618524,21.561972
425,23.433382,0.033333,7.685744,21.403042
426,24.387100,0.033079,7.752967,21.237999
427,25.342929,0.033073,7.820188,21.066847
428,26.297060,0.032839,7.887130,20.889861
429,27.249643,0.032022,7.953796,20.706765
430,28.204451,0.031860,8.020463,20.518114
431,29.161558,0.032051,8.087129,20.323629
432,30.117197,0.031749,8.153515,20.123313
433,31.071337,0.031410,8.219626,19.917719
434,32.027951,0.031270,8.285736,19.706291
435,32.983118,0.030942,8.351567,19.489587
436,33.936985,0.030067,8.417122,19.267327
437,34.893330,0.029763,8.482676,19.039792
438,35.848303,0.029298,8.547953,18.807256
439,36.805832,0.029297,8.613230,18.569442
440,37.762036,0.028975,8.678228,18.326630
441,38.716987,0.028242,8.742949,18.078817
442,39.674515,0.028046,8.807671,17.826005
443,40.630827,0.027273,8.872114,17.568194
444,41.589622,0.027451,8.936558,17.305940
445,42.547152,0.027142,9.000722,17.038963
446,43.503477,0.026254,9.064610,16.767266
447,44.462259,0.026362,9.128498,16.491401
448,45.419831,0.025701,9.192107,16.210815
449,46.376080,0.024704,9.255440,15.926063
450,47.334928,0.024211,9.318773,15.636866
451,48.296239,0.024416,9.382104,15.343505
452,49.252352,0.023034,9.444881,15.046255
453,50.214801,0.023440,9.507936,14.744838
454,51.172037,0.022022,9.570435,14.439533
455,52.135531,0.022530,9.633212,14.130339
456,53.093813,0.020980,9.695433,13.817258
457,54.058263,0.021487,9.757932,13.500567
458,55.017290,0.020213,9.819874,13.180543
459,55.978689,0.019490,9.881819,12.856906
460,56.942391,0.019227,9.943763,12.529661
461,57.904398,0.018474,10.005428,12.199362
462,58.868640,0.018268,10.067095,11.865727
463,59.835043,0.018509,10.128759,11.528761
464,60.795811,0.016767,10.189870,11.189019
465,61.762496,0.016986,10.251259,10.846221
466,62.727298,0.016424,10.312369,10.500646
467,63.694043,0.016446,10.373479,10.152295
468,64.658788,0.015721,10.434311,9.801443
469,65.625434,0.015371,10.495144,9.447813
470,66.590034,0.014042,10.555698,9.091685
471,67.556409,0.013142,10.616254,8.733057
472,68.524414,0.012827,10.676810,8.372210
473,69.493903,0.013244,10.737364,8.009416
474,70.461253,0.012227,10.797641,7.644123
475,71.430047,0.011729,10.857917,7.276887
476,72.396455,0.010077,10.917918,6.907708
477,73.367971,0.010560,10.978196,6.536862
478,74.337004,0.009645,11.038194,6.164072
479,75.307282,0.009076,11.098195,5.789616
480,76.278731,0.008726,11.158193,5.413493
481,77.247537,0.006890,11.217916,5.035706
482,78.221076,0.007180,11.277916,4.656807
483,79.191888,0.005738,11.337638,4.276242
484,80.167370,0.006211,11.397638,3.894568
485,81.139819,0.005217,11.457359,3.511781
486,82.113169,0.004030,11.517081,3.127608
487,83.087059,0.003299,11.576805,2.742879
488,84.065568,0.003771,11.636805,2.356761
489,85.040683,0.002810,11.696526,1.970091
490,86.016227,0.001950,11.756248,1.582864
491,86.992274,0.000820,11.815971,1.194803
492,87.972461,0.001196,11.875971,0.806189
493,88.949015,-0.000086,11.935693,0.417298
494,89.929543,0.000162,11.995693,0.028131
495,90.906248,-0.001237,12.055416,-0.361037
496,91.886872,-0.001341,12.115417,-0.750484
497,92.867512,-0.001939,12.175417,-1.140206
498,93.847930,-0.002635,12.235417,-1.529649
499,94.828217,-0.003798,12.295418,-1.919091
500,95.811899,-0.003408,12.355695,-2.307979
501,96.791530,-0.005381,12.415695,-2.696865
502,97.774408,-0.005777,12.475974,-3.084916
503,98.756871,-0.006881,12.536253,-3.472690
504,99.742490,-0.006668,12.596810,-3.859629
505,100.727385,-0.006906,12.657365,-4.245734
506,101.711537,-0.007709,12.717920,-4.631006
507,102.694926,-0.009185,12.778477,-5.015444
508,103.681211,-0.009595,12.839311,-5.398769
509,104.666536,-0.010679,12.900146,-5.780984
510,105.654688,-0.010955,12.961258,-6.162085
511,106.641596,-0.011636,13.022370,-6.541520
512,107.631261,-0.011773,13.083760,-6.919844
513,108.619614,-0.012557,13.145150,-7.296499
514,109.610447,-0.012544,13.206817,-7.671487
515,110.599902,-0.013422,13.268485,-8.044809
516,111.591772,-0.013760,13.330430,-8.416462
517,112.581992,-0.014713,13.392375,-8.785892
518,113.574484,-0.015122,13.454600,-9.153378
519,114.569077,-0.014880,13.517101,-9.518640
520,115.561919,-0.015624,13.579600,-9.881680
521,116.553040,-0.017431,13.642103,-10.242496
522,117.549821,-0.016967,13.705160,-10.600533
523,118.544677,-0.017583,13.768217,-10.956071
524,119.541330,-0.017668,13.831551,-11.308829
525,120.535931,-0.018787,13.894885,-11.658809
526,121.532208,-0.019357,13.958498,-12.005733
527,122.530201,-0.019786,14.022388,-12.349878
528,123.525802,-0.020802,14.086278,-12.690410
529,124.523031,-0.021646,14.150447,-13.027888
530,125.521760,-0.022193,14.214893,-13.362030
531,126.521866,-0.022324,14.279616,-13.692561
532,127.519559,-0.023469,14.344340,-14.019479
533,128.522369,-0.022860,14.409620,-14.342507
534,129.522606,-0.023252,14.474897,-14.661649
535,130.520433,-0.024951,14.540177,-14.977176
536,131.523189,-0.024777,14.606013,-15.288258
537,132.523409,-0.025881,14.671848,-15.595452
538,133.528572,-0.025397,14.738239,-15.898198
539,134.531023,-0.025878,14.804629,-16.196501
540,135.534610,-0.026221,14.871296,-16.490358
541,136.535457,-0.027416,14.937965,-16.779493
542,137.541308,-0.027550,15.005190,-17.064182
543,138.548140,-0.027386,15.072691,-17.343869
544,139.552193,-0.028106,15.140192,-17.618558
545,140.557400,-0.028970,15.207972,-17.888522
546,141.563545,-0.029295,15.276029,-18.152930
547,142.570805,-0.029733,15.344364,-18.412338
548,143.579071,-0.029858,15.412978,-18.666189
549,144.588424,-0.030055,15.481867,-18.914762
550,145.594982,-0.030820,15.550758,-19.157500
551,146.606480,-0.030644,15.620205,-19.394683
552,147.615229,-0.031213,15.689650,-19.626030
553,148.625080,-0.031419,15.759374,-19.851266
554,149.636102,-0.031647,15.829375,-20.070670
555,150.644505,-0.032530,15.899377,-20.283959
556,151.657915,-0.032257,15.969935,-20.490860
557,152.668786,-0.032800,16.040491,-20.691649
558,153.680914,-0.032899,16.111325,-20.885770
559,154.690594,-0.033636,16.182159,-21.073503
560,155.701686,-0.034069,16.253273,-21.254568
561,156.714247,-0.034300,16.324664,-21.428966
562,157.728334,-0.034427,16.396331,-21.596697
563,158.740175,-0.034868,16.467998,-21.757482
564,159.753698,-0.035061,16.539945,-21.911321
565,160.768908,-0.034830,16.612168,-22.057939
566,161.782134,-0.035060,16.684391,-22.197613
567,162.797284,-0.035267,16.756892,-22.330340
568,163.810558,-0.035454,16.829393,-22.455567
569,164.825911,-0.035474,16.902172,-22.573573
570,165.839620,-0.035819,16.974951,-22.684355
571,166.855576,-0.035844,17.048007,-22.787637
572,167.870089,-0.036262,17.121064,-22.883696
573,168.887035,-0.036205,17.194398,-22.971976
574,169.902726,-0.036332,17.267732,-23.052758
575,170.921095,-0.036382,17.341345,-23.126038
576,171.938391,-0.036399,17.414955,-23.191539
577,172.954768,-0.036388,17.488568,-23.249264
578,173.974160,-0.036452,17.562458,-23.299489
579,174.992826,-0.036546,17.636346,-23.341933
580,176.010897,-0.036396,17.710235,-23.376324
581,177.028507,-0.036558,17.784124,-23.403216
582,178.045762,-0.036751,17.858013,-23.422327
583,179.062801,-0.036701,17.931903,-23.433383
584,-179.916467,-0.036689,18.006070,-23.436663
585,-178.899546,-0.036739,18.079959,-23.432164
586,-177.878671,-0.036882,18.154125,-23.419887
587,-176.861387,-0.036750,18.228013,-23.399554
588,-175.843691,-0.036654,18.301903,-23.371445
589,-174.821701,-0.036740,18.376070,-23.335557
590,-173.802963,-0.036736,18.449956,-23.291892
591,-172.787281,-0.036557,18.523568,-23.240448
592,-171.766919,-0.036309,18.597457,-23.180950
593,-170.749453,-0.036102,18.671067,-23.113954
594,-169.730913,-0.036139,18.744678,-23.039455
595,-168.711162,-0.035866,18.818289,-22.956902
596,-167.690171,-0.036107,18.891899,-22.867127
597,-166.671584,-0.035648,18.965230,-22.769295
598,-165.655311,-0.035236,19.038286,-22.664245
599,-164.633638,-0.035371,19.111618,-22.551692
600,-163.617907,-0.034737,19.184395,-22.431641
601,-162.596561,-0.034921,19.257451,-22.304368
602,-161.577172,-0.034670,19.330226,-22.169594
603,-160.559620,-0.034177,19.402726,-22.027601
604,-159.540053,-0.034197,19.475225,-21.878662
605,-158.522120,-0.033565,19.547446,-21.722224
606,-157.502038,-0.033645,19.619667,-21.559120
607,-156.483454,-0.033214,19.691611,-21.388794
608,-155.462578,-0.033408,19.763553,-21.211802
609,-154.446914,-0.032510,19.834940,-21.027866
610,-153.428750,-0.032108,19.906329,-20.837266
611,-152.408127,-0.032440,19.977717,-20.640275
612,-151.388685,-0.032150,20.048826,-20.436340
613,-150.370508,-0.031958,20.119658,-20.226297
614,-149.353484,-0.031485,20.190211,-20.009864
615,-148.337532,-0.030636,20.260488,-19.787044
616,-147.318915,-0.030737,20.330765,-19.558390
617,-146.301296,-0.030292,20.400763,-19.323348
618,-145.284802,-0.030009,20.470483,-19.082753
619,-144.269237,-0.029245,20.539927,-18.836045
620,-143.250910,-0.029409,20.609369,-18.583785
621,-142.237409,-0.028437,20.678256,-18.325967
622,-141.220962,-0.027958,20.747144,-18.062318
623,-140.205616,-0.027660,20.815753,-17.793671
624,-139.191154,-0.026904,20.884086,-17.519467
625,-138.173916,-0.027200,20.952417,-17.240266
626,-137.161507,-0.026246,21.020193,-16.956064
627,-136.146161,-0.025893,21.087970,-16.666584
628,-135.131882,-0.025440,21.155468,-16.372386
629,-134.118717,-0.025027,21.222688,-16.073742
630,-133.106473,-0.024009,21.289632,-15.770098
631,-132.091499,-0.024015,21.356575,-15.462013
632,-131.077715,-0.023982,21.423240,-15.149760
633,-130.064925,-0.023264,21.489627,-14.832785
634,-129.053392,-0.022522,21.555736,-14.511925
635,-128.043097,-0.021626,21.621568,-14.187175
636,-127.030150,-0.021498,21.687401,-13.858258
637,-126.018488,-0.020977,21.752954,-13.525454
638,-125.008166,-0.020203,21.818231,-13.189040
639,-123.995415,-0.020398,21.883507,-12.849016
640,-122.987968,-0.018963,21.948227,-12.505659
641,-121.978056,-0.018276,22.012950,-12.158691
642,-120.965963,-0.018739,22.077670,-11.808670
643,-119.959315,-0.017400,22.141834,-11.455592
644,-118.950346,-0.016729,22.206001,-11.099183
645,-117.939451,-0.017377,22.270166,-10.740276
646,-116.934158,-0.016044,22.333775,-10.378590
647,-115.926830,-0.015533,22.397385,-10.014127
648,-114.921434,-0.014491,22.460718,-9.647165
649,-113.914171,-0.014288,22.524050,-9.277704
650,-112.908995,-0.013550,22.587105,-8.906022
651,-111.902108,-0.013669,22.650159,-8.532119
652,-110.897491,-0.013236,22.712935,-8.156272
653,-109.895133,-0.012120,22.775434,-7.778480
654,-109.895133,-0.012120,22.775434,-7.778480
655,-108.891162,-0.011481,22.837933,-7.398467
656,-107.889747,-0.010401,22.900154,-7.017068
657,-106.886993,-0.010060,22.962376,-6.634001
658,-105.886758,-0.008747,23.024319,-6.249267
659,-104.885235,-0.007931,23.086264,-5.862868
660,-103.882711,-0.007989,23.148207,-5.475361
661,-102.883026,-0.007190,23.209873,-5.086741
662,-101.882289,-0.006758,23.271538,-4.696733
663,-100.884556,-0.005466,23.332927,-4.305893
664,-99.882148,-0.006160,23.394593,-3.913942
665,-98.886666,-0.004093,23.455703,-3.521159
666,-97.886765,-0.004292,23.517092,-3.127822
667,-96.890174,-0.003338,23.578202,-2.733928
668,-95.892958,-0.002508,23.639313,-2.339203
669,-94.895505,-0.002431,23.700425,-1.944479
670,-93.897652,-0.002461,23.761535,-1.549198
671,-92.903358,-0.001085,23.822367,-1.153643
672,-91.909039,-0.000340,23.883200,-0.758365
673,-90.914537,0.000417,23.944034,-0.362811
674,-89.920217,0.000548,0.004867,0.032189
675,-88.925789,0.000942,0.065700,0.427464
676,-87.931754,0.000715,0.126533,0.821906
677,-86.941626,0.002404,0.187087,1.216348
678,-85.951915,0.003695,0.247644,1.609954
679,-84.958784,0.003346,0.308477,2.003004
680,-83.970005,0.004514,0.369033,2.395222
681,-82.977859,0.004284,0.429866,2.786882
682,-81.990386,0.005310,0.490420,3.177152
683,-81.003516,0.006555,0.550977,3.566590
684,-80.013636,0.006279,0.611810,3.954915
685,-79.028405,0.007854,0.672366,4.342128
686,-78.040431,0.007637,0.733199,4.727674
687,-77.057181,0.009502,0.793755,5.112109
688,-76.071240,0.009812,0.854589,5.494876
689,-75.086375,0.010566,0.915424,5.876253
690,-74.099027,0.009784,0.976535,6.255686
691,-73.116644,0.011271,1.037368,6.633729
692,-72.131933,0.011197,1.098479,7.009547
693,-71.152446,0.013082,1.159313,7.383423
694,-70.166759,0.012342,1.220703,7.755353
695,-69.186497,0.013532,1.281814,8.125060
696,-68.203999,0.013641,1.343204,8.492544
697,-67.223159,0.014346,1.404593,8.857806
698,-66.244065,0.015474,1.465983,9.220566
699,-65.262937,0.015632,1.527651,9.580826
700,-64.283745,0.016192,1.589317,9.938306
701,-63.306467,0.017240,1.650985,10.293010
702,-62.327225,0.017668,1.712930,10.645212
703,-61.350159,0.018283,1.774876,10.994080
704,-60.371260,0.018259,1.837099,11.340171
705,-59.394492,0.018895,1.899321,11.683204
706,-58.419926,0.020004,1.961544,12.022902
707,-57.443867,0.020026,2.024045,12.358990
708,-56.469957,0.020987,2.086546,12.692023
709,-55.494575,0.021080,2.149325,13.021442
710,-54.521549,0.021782,2.212104,13.347250
711,-53.547062,0.021834,2.275160,13.669446
712,-52.575054,0.022420,2.338216,13.987752
713,-51.605490,0.023602,2.401272,14.302171
714,-50.634459,0.024427,2.464608,14.612977
715,-49.662263,0.024241,2.528220,14.919336
716,-48.692522,0.024928,2.591832,15.221809
717,-47.721501,0.025059,2.655721,15.520112
718,-46.753099,0.025694,2.719611,15.813971
719,-45.783399,0.025970,2.783779,16.103663
720,-44.816300,0.026902,2.847946,16.388910
721,-43.847945,0.027390,2.912393,16.669710
722,-42.878515,0.027029,2.977116,16.945512
723,-41.911557,0.027825,3.041839,17.217146
724,-40.943543,0.027674,3.106840,17.483501
725,-39.978044,0.028552,3.171841,17.745412
726,-39.011418,0.028649,3.237121,18.002044
727,-38.043525,0.028618,3.302678,18.253954
728,-37.078308,0.029025,3.368233,18.500585
729,-36.115605,0.030160,3.433791,18.742214
730,-35.147933,0.029630,3.499903,18.978289
731,-34.186569,0.030928,3.565737,19.209364
732,-33.220116,0.030747,3.632128,19.434879
733,-32.256301,0.030770,3.698516,19.654563
734,-31.294889,0.031552,3.764906,19.868970
735,-30.332101,0.032011,3.831574,20.077818
736,-29.371828,0.032517,3.898242,20.280555
737,-28.410054,0.032842,3.965188,20.477738
738,-27.446821,0.032813,4.032411,20.669085
739,-26.485948,0.032990,4.099633,20.854322
740,-25.527288,0.033656,4.166857,21.033725
741,-24.567005,0.033865,4.234359,21.207016
742,-23.605095,0.033719,4.302136,21.374196
743,-22.649074,0.034569,4.369637,21.535263
744,-21.687477,0.034248,4.437694,21.689942
745,-20.731653,0.034953,4.505473,21.838510
746,-19.770102,0.034659,4.573807,21.980688
747,-18.814240,0.035138,4.641862,22.116477
748,-17.856282,0.035293,4.710198,22.245875
749,-16.896266,0.034951,4.778809,22.368609
750,-15.941646,0.035647,4.847142,22.485231
751,-14.984758,0.035622,4.915755,22.594906
752,-14.025508,0.035520,4.984645,22.698194
753,-13.067661,0.035522,5.053534,22.794815
754,-12.111111,0.035630,5.122423,22.884768
755,-11.155771,0.035849,5.191312,22.968055
756,-10.201533,0.036179,5.260202,23.044676
757,-9.244500,0.036358,5.329369,23.114629
758,-8.288441,0.036432,5.398536,23.177636
759,-7.333216,0.036401,5.467704,23.233700
760,-6.374933,0.036364,5.537148,23.283098
761,-5.421121,0.036711,5.606315,23.325827
762,-4.464063,0.036551,5.675759,23.361335
763,-3.511285,0.036726,5.744926,23.390176
764,-2.555030,0.036726,5.814371,23.412072
765,-1.599082,0.036684,5.883814,23.427025
766,-0.647099,0.036892,5.952981,23.435310
767,0.308635,0.036733,6.022426,23.436373
768,1.260578,0.036773,6.091592,23.430771
769,2.216478,0.036776,6.161037,23.418222
770,3.168768,0.036645,6.230202,23.398731
771,4.121401,0.036692,6.299369,23.372572
772,5.074460,0.036638,6.368536,23.339468
773,6.028049,0.036484,6.437703,23.299421
774,6.982253,0.036507,6.506869,23.252707
775,7.937162,0.036426,6.576035,23.199049
776,8.889052,0.036263,6.644923,23.138724
777,9.841879,0.035943,6.713812,23.071455
778,10.795651,0.036014,6.782699,22.997798
779,11.746725,0.035585,6.851311,22.917195
780,12.702795,0.035579,6.920200,22.829928
781,13.656237,0.035563,6.988809,22.736271
782,14.607244,0.035182,7.057142,22.635947
783,15.563508,0.035239,7.125754,22.528957
784,16.517401,0.035139,7.194085,22.415578
785,17.469096,0.034529,7.262139,22.295534
786,18.422424,0.034398,7.330195,22.169380
787,19.377459,0.034456,7.398249,22.036835
788,20.330478,0.034125,7.466026,21.897902
789,21.285380,0.033921,7.533803,21.752582
790,22.238325,0.033756,7.601302,21.601428
791,23.193296,0.033644,7.668801,21.443885
792,24.146492,0.033172,7.736022,21.280231
793,25.101804,0.032956,7.803244,21.110469
794,26.055371,0.032799,7.870187,20.935150
795,27.011179,0.032815,7.937131,20.753720
796,27.965391,0.032483,8.003795,20.566457
797,28.918103,0.031719,8.070183,20.373362
798,29.873114,0.031523,8.136571,20.174713
799,30.826652,0.031025,8.202681,19.970506
800,31.782651,0.030732,8.268791,19.760467
801,32.737212,0.030270,8.334624,19.545153
802,33.694202,0.030458,8.400456,19.324561
803,34.649817,0.030320,8.466010,19.098690
804,35.604202,0.029503,8.531287,18.867264
805,36.561064,0.029427,8.596564,18.630841
806,37.516593,0.029044,8.661561,18.389416
807,38.470932,0.027996,8.726283,18.142715
808,39.427767,0.027764,8.791004,17.891292
809,40.383380,0.026969,8.855448,17.634870
810,41.341542,0.026868,8.919891,17.373726
811,42.298454,0.026304,8.984057,17.107861
812,43.257883,0.026572,9.048223,16.837551
813,44.216081,0.026197,9.112109,16.562519
814,45.173026,0.025350,9.175720,16.283044
815,46.132531,0.025106,9.239330,15.999125
816,47.090707,0.024467,9.302662,15.711039
817,48.051471,0.024287,9.365995,15.418511
818,49.010818,0.023783,9.429048,15.122094
819,49.968876,0.022584,9.491825,14.821510
820,50.929384,0.022130,9.554603,14.517040
821,51.892222,0.022602,9.617380,14.208957
822,52.853742,0.022092,9.679877,13.896709
823,53.813712,0.021283,9.742099,13.581130
824,54.776018,0.021133,9.804320,13.261937
825,55.736834,0.020206,9.866264,12.939136
826,56.699883,0.020026,9.928207,12.613001
827,57.661334,0.019116,9.989873,12.283534
828,58.624999,0.018767,10.051538,11.950734
829,59.586947,0.017734,10.112926,11.614880
830,60.550891,0.017589,10.174314,11.276248
831,61.513185,0.016274,10.235424,10.934282
832,62.477462,0.015664,10.296536,10.589542
833,63.443566,0.015907,10.357646,10.242300
834,64.407875,0.014914,10.418478,9.892003
835,65.373988,0.014580,10.479310,9.539208
836,66.338082,0.013301,10.539866,9.183913
837,67.307742,0.013986,10.600698,8.826117
838,68.271493,0.011971,10.660975,8.465825
839,69.240596,0.012256,10.721531,8.103587
840,70.207543,0.011127,10.781807,7.738849
841,71.175963,0.010553,10.842085,7.372169
842,72.145811,0.010420,10.902363,7.003543
843,73.117145,0.010361,10.962640,6.632696
844,74.085917,0.009201,11.022639,6.260185
845,75.055940,0.008412,11.082639,5.886007
846,76.027161,0.007879,11.142639,5.510162
847,76.999554,0.007495,11.202639,5.132651
848,77.972957,0.007394,11.262638,4.753753
849,78.943551,0.005859,11.322360,4.373466
850,79.918823,0.006263,11.382360,3.992069
851,80.891178,0.004974,11.442081,3.609282
852,81.864356,0.003788,11.501805,3.225387
853,82.841978,0.004457,11.561805,2.840659
854,83.816362,0.003587,11.621526,2.455097
855,84.791333,0.002714,11.681248,2.068704
856,85.766722,0.001966,11.740970,1.681754
857,86.742602,0.000970,11.800692,1.293973
858,87.718738,0.000128,11.860416,0.905914
859,88.698990,0.000701,11.920416,0.517300
860,89.675557,-0.000480,11.980137,0.128411
861,90.652175,-0.001607,12.039860,-0.260480
862,91.632810,-0.001672,12.099861,-0.649927
863,92.613362,-0.001942,12.159861,-1.039370
864,93.593704,-0.002279,12.219861,-1.428536
865,94.573904,-0.003061,12.279861,-1.817702
866,95.553836,-0.004144,12.339862,-2.206590
867,96.537351,-0.004274,12.400140,-2.595476
868,97.516478,-0.006081,12.460141,-2.983527
869,98.502851,-0.005284,12.520697,-3.371302
870,99.484829,-0.006676,12.580975,-3.758521
871,100.470062,-0.007090,12.641532,-4.145181
872,101.454452,-0.007780,12.702088,-4.530730
873,102.441875,-0.007516,12.762921,-4.915447
874,103.424685,-0.009633,12.823478,-5.299329
875,104.414210,-0.009165,12.884591,-5.682099
876,105.402709,-0.009484,12.945702,-6.063757
877,106.390078,-0.010435,13.006813,-6.444024
878,107.376214,-0.011860,13.067926,-6.822624
879,108.368780,-0.011015,13.129594,-7.199837
880,109.356270,-0.012744,13.190983,-7.575659
881,110.346149,-0.013491,13.252652,-7.949534
882,111.338324,-0.013421,13.314597,-8.321465
883,112.328967,-0.014196,13.376542,-8.691452
884,113.321867,-0.014402,13.438765,-9.059493
885,114.313071,-0.015429,13.500989,-9.425311
886,115.306373,-0.015887,13.563490,-9.788905
887,116.297822,-0.017140,13.625990,-10.149999
888,117.291237,-0.017808,13.688770,-10.508592
889,118.286456,-0.017789,13.751827,-10.864407
890,119.279753,-0.018914,13.814883,-11.217722
891,120.274846,-0.019583,13.878219,-11.568257
892,121.271603,-0.019679,13.941832,-11.915736
893,122.269989,-0.019349,14.005721,-12.260160
894,123.266276,-0.020362,14.069611,-12.601805
895,124.263984,-0.020658,14.133779,-12.939836
896,125.259394,-0.021978,14.197948,-13.274535
897,126.260121,-0.021742,14.262672,-13.605900
898,127.258397,-0.022513,14.327395,-13.933652
899,128.258078,-0.023058,14.392397,-14.257794
900,129.259135,-0.023513,14.457677,-14.578323
901,130.261373,-0.023487,14.523233,-14.894684
902,131.261069,-0.024613,14.588789,-15.207156
903,132.262001,-0.025458,14.654626,-15.515460
904,133.267938,-0.024962,14.721017,-15.819597
905,134.271159,-0.025413,14.787406,-16.119288
906,135.275512,-0.025706,14.854074,-16.414535
907,136.277201,-0.027099,14.920743,-16.705336
908,137.283710,-0.026881,14.987967,-16.991135
909,138.287468,-0.027711,15.055190,-17.272214
910,139.292356,-0.028547,15.122692,-17.548568
911,140.298221,-0.028981,15.190472,-17.819643
912,141.305167,-0.029395,15.258529,-18.085718
913,142.313077,-0.029365,15.326865,-18.346235
914,143.322036,-0.029281,15.395476,-18.601477
915,144.328271,-0.030211,15.464088,-18.851438
916,145.335522,-0.030711,15.532979,-19.095565
917,146.343878,-0.031167,15.602148,-19.334137
918,147.353319,-0.031411,15.671594,-19.566873
919,148.363812,-0.031287,15.741318,-19.793498
920,149.371663,-0.032008,15.811041,-20.014290
921,150.380704,-0.032509,15.881043,-20.228969
922,151.390915,-0.032626,15.951322,-20.437259
923,152.402417,-0.032731,16.021880,-20.639438
924,153.415195,-0.032657,16.092714,-20.835227
925,154.425510,-0.033212,16.163548,-21.024626
926,155.437222,-0.033451,16.234662,-21.207357
927,156.450361,-0.033481,16.306051,-21.383422
928,157.461225,-0.034025,16.377442,-21.552820
929,158.477494,-0.033887,16.449388,-21.715550
930,159.487712,-0.034434,16.521055,-21.871057
931,160.503539,-0.034484,16.593279,-22.019898
932,161.517294,-0.034719,16.665503,-22.161515
933,162.532951,-0.034923,16.738003,-22.296188
934,163.546736,-0.035380,16.810504,-22.423637
935,164.562559,-0.035382,16.883284,-22.543586
936,165.580516,-0.035301,16.956341,-22.656314
937,166.596881,-0.035607,17.029396,-22.761817
938,167.611740,-0.035752,17.102453,-22.859543
939,168.629055,-0.035968,17.175787,-22.950046
940,169.645041,-0.036089,17.249120,-23.032771
941,170.659873,-0.036393,17.322455,-23.107996
942,171.677442,-0.036367,17.396067,-23.175443
943,172.694062,-0.036589,17.469679,-23.235390
944,173.713632,-0.036601,17.543568,-23.287558
945,174.728642,-0.036796,17.617179,-23.331948
946,175.746876,-0.036840,17.691069,-23.368560
947,176.764580,-0.036642,17.764957,-23.397117
948,177.781933,-0.036755,17.838848,-23.418174
949,178.802824,-0.036588,17.913014,-23.431174
950,179.819736,-0.036521,17.986902,-23.436398
951,-179.163355,-0.036488,18.060791,-23.433844
952,-178.146330,-0.036490,18.134681,-23.423513
953,-177.125281,-0.036608,18.208848,-23.405402
954,-176.107727,-0.036428,18.282735,-23.379236
955,-175.089694,-0.036283,18.356624,-23.345293
956,-174.071084,-0.036170,18.430513,-23.303572
957,-173.051775,-0.036090,18.504402,-23.254074
958,-172.031671,-0.036038,18.578290,-23.196798
959,-171.014439,-0.035757,18.651901,-23.131743
960,-169.992335,-0.035735,18.725790,-23.058913
961,-168.972953,-0.035693,18.799399,-22.978582
962,-167.956081,-0.035273,18.872732,-22.890473
963,-166.934025,-0.035408,18.946344,-22.794866
964,-165.914364,-0.035369,19.019675,-22.691758
965,-164.896933,-0.035070,19.092729,-22.581149
966,-163.877775,-0.034608,19.165785,-22.462765
967,-162.856923,-0.034799,19.238840,-22.337437
968,-161.838013,-0.034567,19.311617,-22.204607
969,-160.817123,-0.034369,19.384393,-22.064279
970,-159.798080,-0.034171,19.456891,-21.917009
971,-158.780757,-0.033880,19.529113,-21.762792
972,-157.761180,-0.033480,19.601334,-21.601076
973,-156.743215,-0.033130,19.673277,-21.432696
974,-155.722910,-0.033137,19.745221,-21.257371
975,-154.704082,-0.033048,19.816885,-21.075379
976,-153.686561,-0.032500,19.888274,-20.886442
977,-152.666545,-0.032422,19.959660,-20.690842
978,-151.651646,-0.031496,20.030492,-20.488853
979,-150.634114,-0.031174,20.101326,-20.280475
980,-149.613964,-0.031414,20.172157,-20.065708
981,-148.598741,-0.030477,20.242432,-19.844555
982,-147.580847,-0.030501,20.312709,-19.617568
983,-146.563970,-0.029992,20.382707,-19.384192
984,-145.548144,-0.029397,20.452429,-19.144985
985,-144.529542,-0.029556,20.522149,-18.899945
986,-143.515748,-0.028466,20.591313,-18.649071
987,-142.499034,-0.027976,20.660481,-18.392366
988,-141.479581,-0.028557,20.729645,-18.130384
989,-140.464911,-0.027795,20.798253,-17.862846
990,-139.451188,-0.026864,20.866586,-17.590032
991,-138.434603,-0.026734,20.934918,-17.311939
992,-137.418969,-0.026232,21.002971,-17.028571
993,-136.404380,-0.025781,21.070749,-16.740482
994,-135.386958,-0.026142,21.138524,-16.447393
995,-134.374394,-0.025161,21.205744,-16.149582
996,-133.359009,-0.025066,21.272966,-15.847050
997,-132.344738,-0.024819,21.339908,-15.540074
998,-131.331467,-0.024037,21.406573,-15.228377
999,-130.319453,-0.023384,21.472960,-14.912793
1000,-129.308501,-0.022206,21.539070,-14.592764
1001,-128.294981,-0.022193,21.605181,-14.268847
1002,-127.282648,-0.021683,21.671012,-13.940764
1003,-126.271668,-0.021074,21.736565,-13.609073
1004,-125.262033,-0.020233,21.801842,-13.273769
1005,-124.249853,-0.020127,21.867119,-12.934577
1006,-123.239166,-0.019804,21.932117,-12.592054
1007,-122.229969,-0.019128,21.996837,-12.246198
1008,-121.222259,-0.017970,22.061281,-11.897010
1009,-120.212440,-0.018132,22.125724,-11.545044
1010,-119.204180,-0.017545,22.189889,-11.189744
1011,-118.197556,-0.016348,22.253777,-10.831392
1012,-117.188985,-0.016381,22.317665,-10.470540
1013,-116.182232,-0.015785,22.381274,-10.106909
1014,-115.177283,-0.014440,22.444606,-9.740503
1015,-114.170565,-0.014217,22.507939,-9.371876
1016,-113.165824,-0.013231,22.570993,-9.000748
1017,-112.159367,-0.013129,22.634048,-8.627399
1018,-111.155048,-0.012257,22.696825,-8.251829
1019,-110.149175,-0.012283,22.759602,-7.874316
1020,-110.149175,-0.012283,22.759602,-7.874316
1021,-109.145627,-0.011519,22.822099,-7.494858
1022,-108.144376,-0.009847,22.884322,-7.113458
1023,-107.138080,-0.010774,22.946821,-6.730668
1024,-106.138007,-0.008935,23.008764,-6.345934
1025,-105.132940,-0.009469,23.070986,-5.959815
1026,-104.134491,-0.007717,23.132651,-5.572583
1027,-103.130991,-0.007847,23.194596,-5.183685
1028,-102.130487,-0.007276,23.256262,-4.793957
1029,-101.129062,-0.007234,23.317927,-4.403115
1030,-100.130581,-0.005972,23.379315,-4.011165
1031,-99.131479,-0.005492,23.440703,-3.618660
1032,-98.135488,-0.003784,23.501814,-3.225322
1033,-97.135128,-0.004243,23.563203,-2.831429
1034,-96.138104,-0.003456,23.624313,-2.436982
1035,-95.140722,-0.003200,23.685423,-2.042258
1036,-94.146849,-0.001694,23.746256,-1.647257
1037,-93.152792,-0.000723,23.807089,-1.252256
1038,-92.158501,0.000105,23.867922,-0.856977
1039,-91.164124,0.000656,23.928756,-0.461700
1040,-90.169808,0.000802,23.989589,-0.066703
1041,-89.175616,0.000682,0.050421,0.328019
1042,-88.185261,0.002311,0.110977,0.722740
1043,-87.191376,0.002004,0.171811,1.116902
1044,-86.201670,0.003204,0.232365,1.510509
1045,-85.212295,0.004354,0.292922,1.903561
1046,-84.219530,0.003958,0.353755,2.296056
1047,-83.231146,0.005169,0.414310,2.687717
1048,-82.239535,0.004822,0.475144,3.078544
1049,-81.252493,0.006067,0.535699,3.468259
1050,-80.262299,0.006005,0.596533,3.857140
1051,-79.276859,0.007513,0.657088,4.244632
1052,-78.288430,0.007701,0.717923,4.631012
1053,-77.301020,0.008078,0.778756,5.016001
1054,-76.314750,0.008499,0.839589,5.399324
1055,-75.329550,0.009337,0.900422,5.781258
1056,-74.345539,0.010441,0.961257,6.161524
1057,-73.358966,0.010356,1.022368,6.540123
1058,-72.377599,0.012107,1.083201,6.916774
1059,-71.393906,0.012381,1.144313,7.291206
1060,-70.411548,0.013392,1.205426,7.663969
1061,-69.427066,0.012933,1.266814,8.034230
1062,-68.448009,0.014472,1.327925,8.402271
1063,-67.466741,0.015016,1.389315,8.768088
1064,-66.487235,0.015966,1.450705,9.131402
1065,-65.505788,0.015659,1.512373,9.491940
1066,-64.526165,0.015989,1.574039,9.849977
1067,-63.548472,0.016788,1.635706,10.205235
1068,-62.572714,0.018145,1.697373,10.557716
1069,-61.595083,0.018694,1.759320,10.907417
1070,-60.615855,0.018072,1.821542,11.253785
1071,-59.642433,0.019762,1.883488,11.597375
1072,-58.663581,0.019055,1.945989,11.937629
1073,-57.690805,0.020328,2.008211,12.274550
1074,-56.716405,0.020831,2.070713,12.608139
1075,-55.740454,0.020712,2.133492,12.938392
1076,-54.766876,0.021185,2.196269,13.265034
1077,-53.795641,0.022317,2.259048,13.588064
1078,-52.822933,0.022862,2.322106,13.907483
1079,-51.848883,0.022695,2.385440,14.223012
1080,-50.877206,0.023476,2.448774,14.534930
1081,-49.904258,0.023481,2.512386,14.842678
1082,-48.933859,0.024078,2.575998,15.146261
1083,-47.962180,0.024102,2.639888,15.445676
1084,-46.993039,0.024881,2.703778,15.740925
1085,-46.022605,0.025280,2.767946,16.032005
1086,-45.054858,0.026057,2.832113,16.318363
1087,-44.085796,0.026646,2.896559,16.600554
1088,-43.119472,0.027492,2.961004,16.877743
1089,-42.151864,0.028061,3.025728,17.150488
1090,-41.183148,0.027940,3.090729,17.418232
1091,-40.217025,0.028568,3.155730,17.681254
1092,-39.249726,0.028672,3.221009,17.939275
1093,-38.285046,0.029386,3.286288,18.192296
1094,-37.319136,0.029744,3.351844,18.440314
1095,-36.355927,0.030294,3.417401,18.682778
1096,-35.391401,0.030645,3.483236,18.920241
1097,-34.425696,0.030368,3.549348,19.152148
1098,-33.462529,0.030748,3.615459,19.378778
1099,-32.501803,0.031797,3.681572,19.600128
1100,-31.536015,0.031285,3.748240,19.815644
1101,-30.576521,0.032177,3.814628,20.025605
1102,-29.615631,0.032505,3.881297,20.229732
1103,-28.653272,0.032643,3.948244,20.428302
1104,-27.689542,0.032150,4.015466,20.620762
1105,-26.731862,0.033139,4.082411,20.807666
1106,-25.768814,0.032851,4.149914,20.988458
1107,-24.807991,0.033124,4.217413,21.163415
1108,-23.849367,0.033416,4.284914,21.331984
1109,-22.888980,0.033649,4.352693,21.494719
1110,-21.930679,0.033980,4.420472,21.651065
1111,-20.970525,0.034105,4.488528,21.801299
1112,-20.012311,0.034402,4.556585,21.945145
1113,-19.052098,0.034615,4.624919,22.082878
1114,-18.093734,0.034796,4.693252,22.213944
1115,-17.137061,0.035225,4.761587,22.338621
1116,-16.178229,0.035173,4.830199,22.456631
1117,-15.220965,0.035438,4.898810,22.568252
1118,-14.265177,0.035746,4.967422,22.673207
1119,-13.306948,0.035996,5.036312,22.771772
1120,-12.350089,0.036077,5.105200,22.863391
1121,-11.394439,0.036267,5.174091,22.948345
1122,-10.436128,0.036270,5.243257,23.026631
1123,-9.482710,0.036437,5.312146,23.097972
1124,-8.526406,0.036474,5.381314,23.162647
1125,-7.571001,0.036408,5.450480,23.220378
1126,-6.616363,0.036516,5.519647,23.271442
1127,-5.662392,0.036521,5.588815,23.315561
1128,-4.705195,0.036568,5.658259,23.353014
1129,-3.752309,0.036677,5.727426,23.383521
1130,-2.795993,0.036605,5.796870,23.407084
1131,-1.843790,0.036542,5.866037,23.423702
1132,-0.887955,0.036356,5.935481,23.433378
1133,0.063968,0.036401,6.004648,23.436386
1134,1.019719,0.036376,6.074092,23.432449
1135,1.971756,0.036252,6.143259,23.421568
1136,2.927819,0.036390,6.212704,23.404021
1137,3.880344,0.036371,6.281869,23.379528
1138,4.833294,0.036252,6.351036,23.348091
1139,5.786746,0.036034,6.420203,23.309710
1140,6.740790,0.035993,6.489369,23.264664
1141,7.695498,0.036126,6.558535,23.212950
1142,8.647197,0.035906,6.627424,23.154291
1143,9.603612,0.035806,6.696591,23.088689
1144,10.557133,0.035848,6.765478,23.016698
1145,11.511735,0.035728,6.834366,22.937763
1146,12.463637,0.035638,6.902976,22.852439
1147,13.416823,0.035328,6.971588,22.760170
1148,14.371288,0.035345,7.040198,22.661514
1149,15.323344,0.034971,7.108530,22.556191
1150,16.276887,0.034867,7.176864,22.444480
1151,17.231959,0.035019,7.245196,22.326379
1152,18.184875,0.034635,7.313250,22.201612
1153,19.139462,0.034723,7.381305,22.070736
1154,20.092012,0.034427,7.449082,21.933469
1155,21.046426,0.034261,7.516859,21.789815
1156,21.998888,0.033865,7.584356,21.640050
1157,22.949529,0.033161,7.651579,21.484174
1158,23.906001,0.033393,7.719078,21.322187
1159,24.856927,0.032542,7.786021,21.154090
1160,25.813791,0.032877,7.853243,20.980160
1161,26.765211,0.031947,7.919907,20.800119
1162,27.718849,0.031685,7.986574,20.614525
1163,28.674754,0.031785,8.053240,20.423095
1164,29.629162,0.031413,8.119627,20.225833
1165,30.582105,0.030756,8.185737,20.023017
1166,31.537432,0.030581,8.251847,19.814645
1167,32.491371,0.029975,8.317679,19.600717
1168,33.447790,0.029757,8.383512,19.381235
1169,34.402845,0.029235,8.449066,19.156476
1170,35.360401,0.029268,8.514621,18.926441
1171,36.316582,0.029110,8.579897,18.691405
1172,37.271531,0.028401,8.644896,18.451092
1173,38.229012,0.028329,8.709895,18.205779
1174,39.185234,0.027811,8.774616,17.955467
1175,40.144052,0.027814,8.839338,17.700155
1176,41.101573,0.027471,8.903780,17.440122
1177,42.057857,0.026687,8.967946,17.175368
1178,43.016653,0.026746,9.032111,16.906170
1179,43.974214,0.026179,9.095998,16.632249
1180,44.930517,0.025157,9.159608,16.353885
1181,45.889378,0.024752,9.223219,16.071077
1182,46.846906,0.023971,9.286551,15.784104
1183,47.806932,0.023926,9.349883,15.492964
1184,48.765644,0.023316,9.412938,15.197657
1185,49.726871,0.023292,9.475993,14.898186
1186,50.686599,0.023031,9.538768,14.595103
1187,51.645044,0.021903,9.601267,14.287854
1188,52.605832,0.021626,9.663766,13.976996
1189,53.565139,0.020798,9.725988,13.662525
1190,54.526876,0.020389,9.788209,13.344166
1191,55.487031,0.019489,9.850152,13.022477
1192,56.449422,0.019351,9.912096,12.697452
1193,57.410306,0.018247,9.973761,12.368818
1194,58.373332,0.017993,10.035428,12.037130
1195,59.338546,0.018233,10.097094,11.702107
1196,60.302012,0.017709,10.158481,11.364031
1197,61.263777,0.016316,10.219592,11.022898
1198,62.231410,0.016836,10.280980,10.678712
1199,63.193248,0.015315,10.341812,10.332026
1200,64.160962,0.015545,10.402924,9.982285
1201,65.126645,0.014971,10.463756,9.630044
1202,66.094223,0.014730,10.524588,9.275027
1203,67.059641,0.013715,10.585143,8.917788
1204,68.026825,0.013083,10.645698,8.558050
1205,68.995608,0.012979,10.706253,8.196090
1206,69.962159,0.011754,10.766530,7.831908
1207,70.930295,0.010850,10.826807,7.465504
1208,71.899864,0.010418,10.887085,7.097159
1209,72.870716,0.010600,10.947362,6.727146
1210,73.839120,0.009448,11.007361,6.355188
1211,74.808888,0.008442,11.067361,5.981287
1212,75.779758,0.007978,11.127361,5.606000
1213,76.751677,0.007935,11.187360,5.229323
1214,77.720938,0.006347,11.247082,4.850979
1215,78.695026,0.006581,11.307083,4.471248
1216,79.666130,0.005527,11.366803,4.090406
1217,80.638211,0.004460,11.426527,3.708175
1218,81.614889,0.005137,11.486527,3.324835
1219,82.588373,0.004425,11.546248,2.940661
1220,83.562599,0.003602,11.605970,2.555378
1221,84.537290,0.003053,11.665693,2.169539
1222,85.512631,0.002151,11.725415,1.782590
1223,86.488254,0.001543,11.785137,1.395364
1224,87.464342,0.000597,11.844859,1.007303
1225,88.440767,-0.000537,11.904583,0.618689
1226,89.421166,-0.000087,11.964582,0.229800
1227,90.397765,-0.001222,12.024304,-0.159091
1228,91.378412,-0.001252,12.084306,-0.548538
1229,92.358986,-0.001460,12.144306,-0.937983
1230,93.339579,-0.002213,12.204306,-1.327706
1231,94.319928,-0.003122,12.264305,-1.717148
1232,95.300018,-0.004303,12.324307,-2.106314
1233,96.283723,-0.004492,12.384585,-2.495479
1234,97.266944,-0.004955,12.444863,-2.884086
1235,98.249663,-0.005810,12.505141,-3.272137
1236,99.231858,-0.007165,12.565420,-3.659633
1237,100.217187,-0.007265,12.625976,-4.046293
1238,101.201795,-0.007869,12.686533,-4.432122
1239,102.189554,-0.007736,12.747366,-4.817393
1240,103.172472,-0.009453,12.807921,-5.201273
1241,104.158310,-0.010150,12.868757,-5.584043
1242,105.146975,-0.009987,12.929869,-5.965702
1243,106.134607,-0.010689,12.990980,-6.346248
1244,107.120997,-0.011840,13.052092,-6.725125
1245,108.109915,-0.011996,13.113482,-7.102337
1246,109.097612,-0.013111,13.174872,-7.478160
1247,110.087771,-0.013485,13.236539,-7.852314
1248,111.076433,-0.014547,13.298207,-8.224524
1249,112.067514,-0.015120,13.360154,-8.595066
1250,113.060739,-0.014841,13.422377,-8.963383
1251,114.052277,-0.015357,13.484600,-9.329479
1252,115.045925,-0.015273,13.547101,-9.693354
1253,116.037929,-0.016473,13.609602,-10.055282
1254,117.031783,-0.016808,13.672380,-10.414430
1255,118.023762,-0.018132,13.735160,-10.771079
1256,119.021472,-0.017652,13.798496,-11.125228
1257,120.017104,-0.018172,13.861828,-11.476597
1258,121.010716,-0.019755,13.925164,-11.825188
1259,122.009797,-0.019443,13.989055,-12.170723
1260,123.006668,-0.020199,14.052945,-12.513200
1261,124.005060,-0.020474,14.117112,-12.852345
1262,125.001248,-0.022012,14.181281,-13.188433
1263,126.002660,-0.021701,14.246005,-13.520908
1264,127.001622,-0.022378,14.310728,-13.849771
1265,128.001991,-0.022802,14.375730,-14.175023
1266,129.003629,-0.022857,14.441009,-14.496385
1267,130.002731,-0.023934,14.506287,-14.813858
1268,131.003134,-0.024851,14.571845,-15.127441
1269,132.004731,-0.025476,14.637680,-15.436856
1270,133.007448,-0.025671,14.703794,-15.741826
1271,134.011351,-0.025835,14.770183,-16.042629
1272,135.012580,-0.026979,14.836574,-16.338986
1273,136.018692,-0.026610,14.903521,-16.630620
1274,137.022036,-0.027173,14.970466,-16.917532
1275,138.026491,-0.027607,15.037690,-17.199721
1276,139.032030,-0.028040,15.105191,-17.477187
1277,140.034741,-0.029108,15.172693,-17.749373
1278,141.042349,-0.029053,15.240750,-18.016560
1279,142.047163,-0.029822,15.308808,-18.278466
1280,143.056791,-0.029204,15.377421,-18.534819
1281,144.063738,-0.029864,15.446033,-18.786170
1282,145.071695,-0.030076,15.514924,-19.031686
1283,146.080728,-0.030231,15.584091,-19.271646
1284,147.087031,-0.031058,15.653260,-19.505774
1285,148.098339,-0.031113,15.722984,-19.734344
1286,149.106907,-0.031737,15.792707,-19.956802
1287,150.116653,-0.032130,15.862709,-20.173148
1288,151.127609,-0.032396,15.932989,-20.383382
1289,152.139782,-0.032366,16.003547,-20.587228
1290,153.153268,-0.032417,16.074381,-20.784963
1291,154.164269,-0.033093,16.145215,-20.976306
1292,155.176645,-0.033442,16.216328,-21.160982
1293,156.190429,-0.033569,16.287718,-21.338990
1294,157.201848,-0.033937,16.359108,-21.510055
1295,158.214913,-0.034489,16.430777,-21.674730
1296,159.229529,-0.034502,16.502722,-21.832180
1297,160.242025,-0.034906,16.574667,-21.982688
1298,161.256328,-0.035172,16.646892,-22.126250
1299,162.272449,-0.035126,16.719392,-22.262589
1300,163.286682,-0.035332,16.791893,-22.391705
1301,164.302945,-0.035352,16.864672,-22.513600
1302,165.317490,-0.035697,16.937450,-22.628271
1303,166.330424,-0.036092,17.010228,-22.735441
1304,167.345675,-0.036181,17.083286,-22.835111
1305,168.363313,-0.036058,17.156621,-22.927281
1306,169.379622,-0.036117,17.229954,-23.011951
1307,170.394749,-0.036357,17.303288,-23.089120
1308,171.412586,-0.036257,17.376900,-23.158510
1309,172.429407,-0.036130,17.450511,-23.220124
1310,173.445385,-0.036250,17.524123,-23.274238
1311,174.464399,-0.036182,17.598012,-23.320573
1312,175.478939,-0.036278,17.671623,-23.359131
1313,176.496819,-0.036523,17.745514,-23.390188
1314,177.518062,-0.036452,17.819681,-23.413188
1315,178.535172,-0.036516,17.893568,-23.428411
1316,179.552147,-0.036337,17.967459,-23.435579
1317,-179.427129,-0.036487,18.041625,-23.435248
1318,-178.410157,-0.036406,18.115514,-23.426859
1319,-177.389175,-0.036436,18.189681,-23.410694
1320,-176.371707,-0.036452,18.263570,-23.386750
1321,-175.349979,-0.036359,18.337736,-23.354752
1322,-174.331556,-0.036472,18.411624,-23.315254
1323,-173.312434,-0.036338,18.485513,-23.267698
1324,-172.292549,-0.036235,18.559401,-23.212367
1325,-171.275564,-0.035912,18.633012,-23.149258
1326,-170.253759,-0.036115,18.706901,-23.078650
1327,-169.234665,-0.036032,18.780511,-23.000262
1328,-168.214323,-0.035914,18.854121,-22.914098
1329,-167.196474,-0.035667,18.927454,-22.820434
1330,-166.177137,-0.035323,19.000787,-22.718993
1331,-165.156299,-0.035427,19.074120,-22.610331
1332,-164.137653,-0.035242,19.147173,-22.494167
1333,-163.121058,-0.034683,19.219950,-22.370505
1334,-162.102626,-0.034443,19.292728,-22.239621
1335,-161.082262,-0.034235,19.365504,-22.101237
1336,-160.063745,-0.034040,19.438004,-21.955910
1337,-159.043148,-0.034073,19.510501,-21.803360
1338,-158.027985,-0.033096,19.582445,-21.643590
1339,-157.006813,-0.033415,19.654666,-21.477153
1340,-155.990924,-0.032528,19.726332,-21.303493
1341,-154.968863,-0.032910,19.798276,-21.123169
1342,-153.952045,-0.032435,19.869662,-20.936177
1343,-152.932657,-0.032169,19.941051,-20.742242
1344,-151.914600,-0.031850,20.012159,-20.541920
1345,-150.897768,-0.031385,20.082992,-20.335209
1346,-149.878296,-0.031495,20.153824,-20.122108
1347,-148.859902,-0.031029,20.224378,-19.902342
1348,-147.842691,-0.030699,20.294654,-19.676745
1349,-146.826470,-0.029859,20.364653,-19.444757
1350,-145.807509,-0.029874,20.434652,-19.206939
1351,-144.789602,-0.029746,20.504372,-18.963288
1352,-143.772686,-0.029373,20.573815,-18.713804
1353,-142.756795,-0.028910,20.642979,-18.458764
1354,-141.741799,-0.027984,20.711867,-18.197892
1355,-140.724002,-0.028060,20.780755,-17.931744
1356,-139.707141,-0.027749,20.849364,-17.660040
1357,-138.691315,-0.027475,20.917696,-17.383338
1358,-137.676429,-0.026849,20.985749,-17.101358
1359,-136.662538,-0.026021,21.053525,-16.814380
1360,-135.649684,-0.025143,21.121024,-16.522680
1361,-134.634046,-0.025259,21.188523,-16.226257
1362,-133.619369,-0.024845,21.255744,-15.924837
1363,-132.605872,-0.024574,21.322686,-15.619250
1364,-131.593382,-0.023786,21.389351,-15.308942
1365,-130.582044,-0.022894,21.455739,-14.994468
1366,-129.568071,-0.023028,21.522126,-14.675828
1367,-128.559091,-0.021530,21.587957,-14.353021
1368,-127.547417,-0.020855,21.653791,-14.026050
1369,-126.533313,-0.021422,21.719622,-13.695469
1370,-125.524298,-0.020204,21.784898,-13.360998
1371,-124.512810,-0.020015,21.850175,-13.022919
1372,-123.502816,-0.019628,21.915172,-12.681504
1373,-122.494100,-0.018403,21.979894,-12.336202
1374,-121.483156,-0.018392,22.044615,-11.987848
1375,-120.473844,-0.018061,22.109058,-11.636437
1376,-119.466045,-0.017027,22.173223,-11.281693
1377,-118.456171,-0.017117,22.237389,-10.924173
1378,-117.447987,-0.016494,22.301276,-10.563597
1379,-116.441576,-0.015294,22.364886,-10.200247
1380,-115.433361,-0.015375,22.428496,-9.834674
1381,-114.426984,-0.014608,22.491829,-9.466322
1382,-113.418773,-0.014621,22.555160,-9.095474
1383,-112.416570,-0.012774,22.617937,-8.722680
1384,-111.408727,-0.012998,22.680993,-8.347388
1385,-110.403290,-0.012860,22.743768,-7.970430
1386,-109.400021,-0.011723,22.806267,-7.591250
1387,-108.395364,-0.011521,22.868766,-7.210405
1388,-107.393173,-0.010557,22.930988,-6.827893
1389,-106.389659,-0.010275,22.993209,-6.443716
1390,-105.388787,-0.009218,23.055152,-6.058151
1391,-104.386770,-0.008846,23.117096,-5.671198
1392,-103.387576,-0.007682,23.178761,-5.283133
1393,-102.387290,-0.006955,23.240428,-4.893681
1394,-101.386205,-0.007038,23.302094,-4.503397
1395,-100.388052,-0.005933,23.363482,-4.112001
1396,-99.389159,-0.005387,23.424870,-3.719774
1397,-98.393478,-0.003901,23.485981,-3.326992
1398,-97.393308,-0.004357,23.547370,-2.933375
1399,-96.396464,-0.003603,23.608480,-2.539206
1400,-95.399253,-0.003408,23.669590,-2.144759
1401,-94.405412,-0.001752,23.730423,-1.749757
1402,-93.407571,-0.002306,23.791535,-1.354755
1403,-92.413216,-0.001126,23.852367,-0.959198
1404,-91.418855,-0.000518,23.913200,-0.563922
1405,-90.424437,-0.000089,23.974034,-0.168645
1406,-89.430132,0.000039,0.034866,0.226354
1407,-88.439654,0.001884,0.095421,0.621352
1408,-87.445639,0.001762,0.156255,1.015794
1409,-86.455659,0.003362,0.216810,1.409958
1410,-85.462219,0.003246,0.277644,1.803564
1411,-84.473113,0.004587,0.338199,2.196337
1412,-83.480624,0.004467,0.399033,2.588553
1413,-82.492655,0.005789,0.459588,2.979658
1414,-81.501490,0.005647,0.520421,3.369928
1415,-80.515031,0.006930,0.580977,3.758809
1416,-79.525427,0.006991,0.641812,4.146857
